x1	y1	z_h1	Rho_h1	z_h2	Rho_h2	z_h3	Rho_h3	z_h4	Rho_h4	z_h5	Rho_oporniy	z_h6	Rho_oporniy
40  4
1sloi
-210	2	0.8	2000	3.3	400	6.8	40	10	40	17	300	20	300     300   
-210	214	0.8	2000	3.3	400	6.8	40	10	40	17	300	20	300     300   
-9	214	0.8	2000	3.3	400	6.8	40	10	40	17	300	20	300     300   
-210	2	0.8	2000	3.3	400	6.8	40	10	40	17	300	20	300     300   
-9	214	0.8	2000	3.3	400	6.8	40	10	40	17	300	20	300     300   
-9	2	0.8	2000	3.3	400	6.8	40	10	40	17	300	20	300     300   
-9	2	0.8	2000	3.3	400	6.8	40	10	40	17	300	20	300     300   
-9	214	0.8	2000	3.3	400	6.8	40	10	40	17	300	20	300     300   
-8	214	0.8	2000	3.3	400	6.8	40	10	40	17	300	20	300     300   
-9	2	0.8	2000	3.3	400	6.8	40	10	40	17	300	20	300     300   
-8	214	0.8	2000	3.3	400	6.8	40	10	40	17	300	20	300     300   
-8	2	0.8	2000	3.3	400	6.8	40	10	40	17	300	20	300     300   
-8	2	0.8	2000	3.3	400	6.8	40	10	40	17	300	20	300     300   
-8	214	0.8	2000	3.3	400	6.8	40	10	40	17	300	20	300     300   
-7	214	0.8	2000	3.3	400	6.8	40	10	40	17	300	20	300     300   
-8	2	0.8	2000	3.3	400	6.8	40	10	40	17	300	20	300     300   
-7	214	0.8	2000	3.3	400	6.8	40	10	40	17	300	20	300     300   
-7	2	0.8	2000	3.3	400	6.8	40	10	40	17	300	20	300     300   
-7	2	0.8	2000	3.3	400	6.8	40	10	40	17	300	20	300     300   
-7	214	0.8	2000	3.3	400	6.8	40	10	40	17	300	20	300     300   
-6	214	0.65	2000	2.4	400	5.15	40	10	40	17	300	20	300     300   
-7	2	0.8	2000	3.3	400	6.8	40	10	40	17	300	20	300     300   
-6	214	0.65	2000	2.4	400	5.15	40	10	40	17	300	20	300     300   
-6	2	0.65	2000	2.4	400	5.15	40	10	40	17	300	20	300     300   
-6	2	0.65	1000	2.4	300	5.15	50	10	50	17	2000	20	2000    2000  
-6	214	0.65	1000	2.4	300	5.15	50	10	50	17	2000	20	2000    2000  
-5	214	0.5	1000	1.5	300	3.5	50	10	50	17	2000	20	2000    2000  
-6	2	0.65	1000	2.4	300	5.15	50	10	50	17	2000	20	2000    2000  
-5	214	0.5	1000	1.5	300	3.5	50	10	50	17	2000	20	2000    2000  
-5	2	0.5	1000	1.5	300	3.5	50	10	50	17	2000	20	2000    2000  
-5	2	0.5	1000	1.5	300	3.5	50	10	50	17	2000	20	2000    2000  
-5	214	0.5	1000	1.5	300	3.5	50	10	50	17	2000	20	2000    2000  
-4	214	0.5	1000	1.5	300	3.5	50	10	50	17	2000	20	2000    2000  
-5	2	0.5	1000	1.5	300	3.5	50	10	50	17	2000	20	2000    2000  
-4	214	0.5	1000	1.5	300	3.5	50	10	50	17	2000	20	2000    2000  
-4	2	0.5	1000	1.5	300	3.5	50	10	50	17	2000	20	2000    2000  
-4	2	0.5	1000	1.5	300	3.5	50	10	50	17	2000	20	2000    2000  
-4	214	0.5	1000	1.5	300	3.5	50	10	50	17	2000	20	2000    2000  
-3	214	0.5	1000	2	300	4.5	50	11.75	50	17	2000	20	2000    2000  
-4	2	0.5	1000	1.5	300	3.5	50	10	50	17	2000	20	2000    2000  
-3	214	0.5	1000	2	300	4.5	50	11.75	50	17	2000	20	2000    2000  
-3	2	0.5	1000	2	300	4.5	50	11.75	50	17	2000	20	2000    2000  
-3	2	0.5	150	2	300	4.5	50	11.75	500	17	2000	20	2000    2000  
-3	214	0.5	150	2	300	4.5	50	11.75	500	17	2000	20	2000    2000  
-2	214	0.5	150	2.5	300	5.5	50	13.5	500	17	2000	20	2000    2000  
-3	2	0.5	150	2	300	4.5	50	11.75	500	17	2000	20	2000    2000  
-2	214	0.5	150	2.5	300	5.5	50	13.5	500	17	2000	20	2000    2000  
-2	2	0.5	150	2.5	300	5.5	50	13.5	500	17	2000	20	2000    2000  
-2	2	0.5	150	2.5	300	5.5	50	13.5	500	17	2000	20	2000    2000  
-2	214	0.5	150	2.5	300	5.5	50	13.5	500	17	2000	20	2000    2000  
-1	214	0.5	150	2.35	300	5.5	50	13.5	500	17	2000	20	2000    2000  
-2	2	0.5	150	2.5	300	5.5	50	13.5	500	17	2000	20	2000    2000  
-1	214	0.5	150	2.35	300	5.5	50	13.5	500	17	2000	20	2000    2000  
-1	2	0.5	150	2.35	300	5.5	50	13.5	500	17	2000	20	2000    2000  
-1	2	0.5	4000	2.35	300	5.5	50	13.5	500	17	2000	20	2000    2000  
-1	214	0.5	4000	2.35	300	5.5	50	13.5	500	17	2000	20	2000    2000  
0	214	0.5	4000	2.2	300	5.5	50	13.5	500	17	2000	20	2000    2000  
-1	2	0.5	4000	2.35	300	5.5	50	13.5	500	17	2000	20	2000    2000  
0	214	0.5	4000	2.2	300	5.5	50	13.5	500	17	2000	20	2000    2000  
0	2	0.5	4000	2.2	300	5.5	50	13.5	500	17	2000	20	2000    2000  
0	2	0.5	4000	2.2	300	5.5	50	13.5	500	17	2000	20	2000    2000  
0	214	0.5	4000	2.2	300	5.5	50	13.5	500	17	2000	20	2000    2000  
1	214	0.5	4000	2.2	300	4.85	50	12.85	500	17	2000	20	2000    2000  
0	2	0.5	4000	2.2	300	5.5	50	13.5	500	17	2000	20	2000    2000  
1	214	0.5	4000	2.2	300	4.85	50	12.85	500	17	2000	20	2000    2000  
1	2	0.5	4000	2.2	300	4.85	50	12.85	500	17	2000	20	2000    2000  
1	2	0.5	4000	2.2	700	4.85	60	12.85	600	17	300	20	300     300   
1	214	0.5	4000	2.2	700	4.85	60	12.85	600	17	300	20	300     300   
2	214	0.5	4000	2.2	700	4.2	60	12.2	600	17	300	20	300     300   
1	2	0.5	4000	2.2	700	4.85	60	12.85	600	17	300	20	300     300   
2	214	0.5	4000	2.2	700	4.2	60	12.2	600	17	300	20	300     300   
2	2	0.5	4000	2.2	700	4.2	60	12.2	600	17	300	20	300     300   
2	2	0.5	4000	2.2	700	4.2	60	12.2	600	17	300	20	300     300   
2	214	0.5	4000	2.2	700	4.2	60	12.2	600	17	300	20	300     300   
3	214	0.5	4000	1.75	700	3.5	60	11.5	600	17	300	20	300     300   
2	2	0.5	4000	2.2	700	4.2	60	12.2	600	17	300	20	300     300   
3	214	0.5	4000	1.75	700	3.5	60	11.5	600	17	300	20	300     300   
3	2	0.5	4000	1.75	700	3.5	60	11.5	600	17	300	20	300     300   
3	2	0.5	4000	1.75	1500	3.5	100	11.5	600	17	300	20	300     300   
3	214	0.5	4000	1.75	1500	3.5	100	11.5	600	17	300	20	300     300   
4	214	0.5	4000	1.3	1500	2.8	100	10.8	600	17	300	20	300     300   
3	2	0.5	4000	1.75	1500	3.5	100	11.5	600	17	300	20	300     300   
4	214	0.5	4000	1.3	1500	2.8	100	10.8	600	17	300	20	300     300   
4	2	0.5	4000	1.3	1500	2.8	100	10.8	600	17	300	20	300     300   
4	2	0.5	4000	1.3	1500	2.8	100	10.8	600	17	300	20	300     300   
4	214	0.5	4000	1.3	1500	2.8	100	10.8	600	17	300	20	300     300   
5	214	0.5	4000	1.9	1500	3.65	100	11.65	600	17	300	20	300     300   
4	2	0.5	4000	1.3	1500	2.8	100	10.8	600	17	300	20	300     300   
5	214	0.5	4000	1.9	1500	3.65	100	11.65	600	17	300	20	300     300   
5	2	0.5	4000	1.9	1500	3.65	100	11.65	600	17	300	20	300     300   
5	2	0.5	2000	1.9	600	3.65	100	11.65	500	17	800	20	800     800   
5	214	0.5	2000	1.9	600	3.65	100	11.65	500	17	800	20	800     800   
6	214	0.5	2000	2.5	600	4.5	100	12.5	500	17	800	20	800     800   
5	2	0.5	2000	1.9	600	3.65	100	11.65	500	17	800	20	800     800   
6	214	0.5	2000	2.5	600	4.5	100	12.5	500	17	800	20	800     800   
6	2	0.5	2000	2.5	600	4.5	100	12.5	500	17	800	20	800     800   
6	2	0.5	2000	2.5	600	4.5	100	12.5	500	17	800	20	800     800   
6	214	0.5	2000	2.5	600	4.5	100	12.5	500	17	800	20	800     800   
7	214	0.5	2000	2.6	600	4.6	100	11.25	500	17	800	20	800     800   
6	2	0.5	2000	2.5	600	4.5	100	12.5	500	17	800	20	800     800   
7	214	0.5	2000	2.6	600	4.6	100	11.25	500	17	800	20	800     800   
7	2	0.5	2000	2.6	600	4.6	100	11.25	500	17	800	20	800     800   
7	2	0.5	800	2.6	1200	4.6	110	11.25	110	17	1000	20	1000    1000  
7	214	0.5	800	2.6	1200	4.6	110	11.25	110	17	1000	20	1000    1000  
8	214	0.5	800	2.7	1200	4.7	110	10	110	17	1000	20	1000    1000  
7	2	0.5	800	2.6	1200	4.6	110	11.25	110	17	1000	20	1000    1000  
8	214	0.5	800	2.7	1200	4.7	110	10	110	17	1000	20	1000    1000  
8	2	0.5	800	2.7	1200	4.7	110	10	110	17	1000	20	1000    1000  
8	2	0.5	800	2.7	1200	4.7	110	10	110	17	1000	20	1000    1000  
8	214	0.5	800	2.7	1200	4.7	110	10	110	17	1000	20	1000    1000  
9	214	0.5	800	2.7	1200	4.7	110	10	110	17	1000	20	1000    1000  
8	2	0.5	800	2.7	1200	4.7	110	10	110	17	1000	20	1000    1000  
9	214	0.5	800	2.7	1200	4.7	110	10	110	17	1000	20	1000    1000  
9	2	0.5	800	2.7	1200	4.7	110	10	110	17	1000	20	1000    1000  
9	2	0.5	800	2.7	1200	4.7	110	10	110	17	1000	20	1000    1000  
9	214	0.5	800	2.7	1200	4.7	110	10	110	17	1000	20	1000    1000  
210	214	0.5	800	2.7	1200	4.7	110	10	110	17	1000	20	1000    1000  
9	2	0.5	800	2.7	1200	4.7	110	10	110	17	1000	20	1000    1000  
210	214	0.5	800	2.7	1200	4.7	110	10	110	17	1000	20	1000    1000  
210	2	0.5	800	2.7	1200	4.7	110	10	110	17	1000	20	1000    1000  
2sloi													              
-210	0	0.8	2000	3.3	400	6.8	40	10	40	17	300	20	300     300   
-210	2	0.8	2000	3.3	400	6.8	40	10	40	17	300	20	300     300   
-9	2	0.8	2000	3.3	400	6.8	40	10	40	17	300	20	300     300   
-210	0	0.8	2000	3.3	400	6.8	40	10	40	17	300	20	300     300   
-9	2	0.8	2000	3.3	400	6.8	40	10	40	17	300	20	300     300   
-9	0	0.8	2000	3.3	400	6.8	40	10	40	17	300	20	300     300   
-9	0	0.8	2000	3.3	400	6.8	40	10	40	17	300	20	300     300   
-9	2	0.8	2000	3.3	400	6.8	40	10	40	17	300	20	300     300   
-8	2	0.8	2000	3.3	400	6.8	40	10	40	17	300	20	300     300   
-9	0	0.8	2000	3.3	400	6.8	40	10	40	17	300	20	300     300   
-8	2	0.8	2000	3.3	400	6.8	40	10	40	17	300	20	300     300   
-8	0	0.8	2000	3.3	400	6.8	40	10	40	17	300	20	300     300   
-8	0	0.8	2000	3.3	400	6.8	40	10	40	17	300	20	300     300   
-8	2	0.8	2000	3.3	400	6.8	40	10	40	17	300	20	300     300   
-7	2	0.8	2000	3.3	400	6.8	40	10	40	17	300	20	300     300   
-8	0	0.8	2000	3.3	400	6.8	40	10	40	17	300	20	300     300   
-7	2	0.8	2000	3.3	400	6.8	40	10	40	17	300	20	300     300   
-7	0	0.75	2000	3.15	400	6.65	40	10	40	17	300	20	300     300   
-7	0	0.75	2000	3.15	400	6.65	40	10	40	17	300	20	300     300   
-7	2	0.8	2000	3.3	400	6.8	40	10	40	17	300	20	300     300   
-6	2	0.65	2000	2.4	400	5.15	40	10	40	17	300	20	300     300   
-7	0	0.75	2000	3.15	400	6.65	40	10	40	17	300	20	300     300   
-6	2	0.65	2000	2.4	400	5.15	40	10	40	17	300	20	300     300   
-6	0	0.65	2000	2.5	400	5.65	40	10	40	17	300	20	300     300   
-6	0	0.65	1000	2.5	300	5.65	50	10	50	17	2000	20	2000    2000  
-6	2	0.65	1000	2.4	300	5.15	50	10	50	17	2000	20	2000    2000  
-5	2	0.5	1000	1.5	300	3.5	50	10	50	17	2000	20	2000    2000  
-6	0	0.65	1000	2.5	300	5.65	50	10	50	17	2000	20	2000    2000  
-5	2	0.5	1000	1.5	300	3.5	50	10	50	17	2000	20	2000    2000  
-5	0	0.58	1000	2.1	300	4.83	50	10	50	17	2000	20	2000    2000  
-5	0	0.58	1000	2.1	300	4.83	50	10	50	17	2000	20	2000    2000  
-5	2	0.5	1000	1.5	300	3.5	50	10	50	17	2000	20	2000    2000  
-4	2	0.5	1000	1.5	300	3.5	50	10	50	17	2000	20	2000    2000  
-5	0	0.58	1000	2.1	300	4.83	50	10	50	17	2000	20	2000    2000  
-4	2	0.5	1000	1.5	300	3.5	50	10	50	17	2000	20	2000    2000  
-4	0	0.59	1000	2.09	300	4.85	50	11.55	50	17	2000	20	2000    2000  
-4	0	0.59	1000	2.09	300	4.85	50	11.55	50	17	2000	20	2000    2000  
-4	2	0.5	1000	1.5	300	3.5	50	10	50	17	2000	20	2000    2000  
-3	2	0.5	1000	2	300	4.5	50	11.75	50	17	2000	20	2000    2000  
-4	0	0.59	1000	2.09	300	4.85	50	11.55	50	17	2000	20	2000    2000  
-3	2	0.5	1000	2	300	4.5	50	11.75	50	17	2000	20	2000    2000  
-3	0	0.6	1000	2.35	300	5.35	50	14	50	17	2000	20	2000    2000  
-3	0	0.6	150	2.35	300	5.35	50	14	500	17	2000	20	2000    2000  
-3	2	0.5	150	2	300	4.5	50	11.75	500	17	2000	20	2000    2000  
-2	2	0.5	150	2.5	300	5.5	50	13.5	500	17	2000	20	2000    2000  
-3	0	0.6	150	2.35	300	5.35	50	14	500	17	2000	20	2000    2000  
-2	2	0.5	150	2.5	300	5.5	50	13.5	500	17	2000	20	2000    2000  
-2	0	0.6	150	2.6	300	5.85	50	14.85	500	17	2000	20	2000    2000  
-2	0	0.6	150	2.6	300	5.85	50	14.85	500	17	2000	20	2000    2000  
-2	2	0.5	150	2.5	300	5.5	50	13.5	500	17	2000	20	2000    2000  
-1	2	0.5	150	2.35	300	5.5	50	13.5	500	17	2000	20	2000    2000  
-2	0	0.6	150	2.6	300	5.85	50	14.85	500	17	2000	20	2000    2000  
-1	2	0.5	150	2.35	300	5.5	50	13.5	500	17	2000	20	2000    2000  
-1	0	0.6	150	2.53	300	5.85	50	14.85	500	17	2000	20	2000    2000  
-1	0	0.6	4000	2.53	300	5.85	50	14.85	500	17	2000	20	2000    2000  
-1	2	0.5	4000	2.35	300	5.5	50	13.5	500	17	2000	20	2000    2000  
0	2	0.5	4000	2.2	300	5.5	50	13.5	500	17	2000	20	2000    2000  
-1	0	0.6	4000	2.53	300	5.85	50	14.85	500	17	2000	20	2000    2000  
0	2	0.5	4000	2.2	300	5.5	50	13.5	500	17	2000	20	2000    2000  
0	0	0.6	4000	2.53	300	5.85	50	14.85	500	17	2000	20	2000    2000  
0	0	0.6	4000	2.53	300	5.85	50	14.85	500	17	2000	20	2000    2000  
0	2	0.5	4000	2.2	300	5.5	50	13.5	500	17	2000	20	2000    2000  
1	2	0.5	4000	2.2	300	4.85	50	12.85	500	17	2000	20	2000    2000  
0	0	0.6	4000	2.53	300	5.85	50	14.85	500	17	2000	20	2000    2000  
1	2	0.5	4000	2.2	300	4.85	50	12.85	500	17	2000	20	2000    2000  
1	0	0.6	4000	2.53	300	5.53	50	13.3	500	17	2000	20	2000    2000  
1	0	0.6	4000	2.53	700	5.53	60	13.3	600	17	300	20	300     300   
1	2	0.5	4000	2.2	700	4.85	60	12.85	600	17	300	20	300     300   
2	2	0.5	4000	2.2	700	4.2	60	12.2	600	17	300	20	300     300   
1	0	0.6	4000	2.53	700	5.53	60	13.3	600	17	300	20	300     300   
2	2	0.5	4000	2.2	700	4.2	60	12.2	600	17	300	20	300     300   
2	0	0.6	4000	2.53	700	5.53	60	11.7	600	17	300	20	300     300   
2	0	0.6	4000	2.53	700	5.53	60	11.7	600	17	300	20	300     300   
2	2	0.5	4000	2.2	700	4.2	60	12.2	600	17	300	20	300     300   
3	2	0.5	4000	1.75	700	3.5	60	11.5	600	17	300	20	300     300   
2	0	0.6	4000	2.53	700	5.53	60	11.7	600	17	300	20	300     300   
3	2	0.5	4000	1.75	700	3.5	60	11.5	600	17	300	20	300     300   
3	0	0.6	4000	2.2	700	4.6	60	10.85	600	17	300	20	300     300   
3	0	0.6	4000	2.2	1500	4.6	100	10.85	600	17	300	20	300     300   
3	2	0.5	4000	1.75	1500	3.5	100	11.5	600	17	300	20	300     300   
4	2	0.5	4000	1.3	1500	2.8	100	10.8	600	17	300	20	300     300   
3	0	0.6	4000	2.2	1500	4.6	100	10.85	600	17	300	20	300     300   
4	2	0.5	4000	1.3	1500	2.8	100	10.8	600	17	300	20	300     300   
4	0	0.6	4000	2	1500	4	100	10	600	17	300	20	300     300   
4	0	0.6	4000	2	1500	4	100	10	600	17	300	20	300     300   
4	2	0.5	4000	1.3	1500	2.8	100	10.8	600	17	300	20	300     300   
5	2	0.5	4000	1.9	1500	3.65	100	11.65	600	17	300	20	300     300   
4	0	0.6	4000	2	1500	4	100	10	600	17	300	20	300     300   
5	2	0.5	4000	1.9	1500	3.65	100	11.65	600	17	300	20	300     300   
5	0	0.6	4000	2.3	1500	4.3	100	10.3	600	17	300	20	300     300   
5	0	0.6	2000	2.3	600	4.3	100	10.3	500	17	800	20	800     800   
5	2	0.5	2000	1.9	600	3.65	100	11.65	500	17	800	20	800     800   
6	2	0.5	2000	2.5	600	4.5	100	12.5	500	17	800	20	800     800   
5	0	0.6	2000	2.3	600	4.3	100	10.3	500	17	800	20	800     800   
6	2	0.5	2000	2.5	600	4.5	100	12.5	500	17	800	20	800     800   
6	0	0.6	2000	2.6	600	4.6	100	10.6	500	17	800	20	800     800   
6	0	0.6	2000	2.6	600	4.6	100	10.6	500	17	800	20	800     800   
6	2	0.5	2000	2.5	600	4.5	100	12.5	500	17	800	20	800     800   
7	2	0.5	2000	2.6	600	4.6	100	11.25	500	17	800	20	800     800   
6	0	0.6	2000	2.6	600	4.6	100	10.6	500	17	800	20	800     800   
7	2	0.5	2000	2.6	600	4.6	100	11.25	500	17	800	20	800     800   
7	0	0.6	2000	2.65	600	4.65	100	10	500	17	800	20	800     800   
7	0	0.6	800	2.65	1200	4.65	110	10	110	17	1000	20	1000    1000  
7	2	0.5	800	2.6	1200	4.6	110	11.25	110	17	1000	20	1000    1000  
8	2	0.5	800	2.7	1200	4.7	110	10	110	17	1000	20	1000    1000  
7	0	0.6	800	2.65	1200	4.65	110	10	110	17	1000	20	1000    1000  
8	2	0.5	800	2.7	1200	4.7	110	10	110	17	1000	20	1000    1000  
8	0	0.6	800	2.7	1200	4.7	110	9.35	110	17	1000	20	1000    1000  
8	0	0.6	800	2.7	1200	4.7	110	9.35	110	17	1000	20	1000    1000  
8	2	0.5	800	2.7	1200	4.7	110	10	110	17	1000	20	1000    1000  
9	2	0.5	800	2.7	1200	4.7	110	10	110	17	1000	20	1000    1000  
8	0	0.6	800	2.7	1200	4.7	110	9.35	110	17	1000	20	1000    1000  
9	2	0.5	800	2.7	1200	4.7	110	10	110	17	1000	20	1000    1000  
9	0	0.6	800	2.7	1200	4.7	110	9.35	110	17	1000	20	1000    1000  
9	0	0.6	800	2.7	1200	4.7	110	9.35	110	17	1000	20	1000    1000  
9	2	0.5	800	2.7	1200	4.7	110	10	110	17	1000	20	1000    1000  
210	2	0.5	800	2.7	1200	4.7	110	10	110	17	1000	20	1000    1000  
9	0	0.6	800	2.7	1200	4.7	110	9.35	110	17	1000	20	1000    1000  
210	2	0.6	800	2.7	1200	4.7	110	9.35	110	17	1000	20	1000    1000  
210	0	0.6	800	2.7	1200	4.7	110	9.35	110	17	1000	20	1000    1000  
3sloi													              
-210	-2	0.8	3500	3.3	450	6.8	40	10	40	17	300	20	300     300   
-210	0	0.8	3500	3.3	450	6.8	40	10	40	17	300	20	300     300   
-9	0	0.8	3500	3.3	450	6.8	40	10	40	17	300	20	300     300   
-210	-2	0.8	3500	3.3	450	6.8	40	10	40	17	300	20	300     300   
-9	0	0.8	3500	3.3	450	6.8	40	10	40	17	300	20	300     300   
-9	-2	0.8	3500	3.3	450	6.8	40	10	40	17	300	20	300     300   
-9	-2	0.8	3500	3.3	450	6.8	40	10	40	17	300	20	300     300   
-9	0	0.8	3500	3.3	450	6.8	40	10	40	17	300	20	300     300   
-8	0	0.8	3500	3.3	450	6.8	40	10	40	17	300	20	300     300   
-9	-2	0.8	3500	3.3	450	6.8	40	10	40	17	300	20	300     300   
-8	0	0.8	3500	3.3	450	6.8	40	10	40	17	300	20	300     300   
-8	-2	0.8	3500	3.3	450	6.8	40	10	40	17	300	20	300     300   
-8	-2	0.8	3500	3.3	450	6.8	40	10	40	17	300	20	300     300   
-8	0	0.8	3500	3.3	450	6.8	40	10	40	17	300	20	300     300   
-7	0	0.75	3500	3.15	450	6.65	40	10	40	17	300	20	300     300   
-8	-2	0.8	3500	3.3	450	6.8	40	10	40	17	300	20	300     300   
-7	0	0.75	3500	3.15	450	6.65	40	10	40	17	300	20	300     300   
-7	-2	0.7	3500	3	450	6.5	40	10	40	17	300	20	300     300   
-7	-2	0.7	4800	3	500	6.5	35	10	35	17	300	20	300     300   
-7	0	0.75	4800	3.15	500	6.65	35	10	35	17	300	20	300     300   
-6	0	0.65	4800	2.5	500	5.65	35	10	35	17	300	20	300     300   
-7	-2	0.7	4800	3	500	6.5	35	10	35	17	300	20	300     300   
-6	0	0.65	4800	2.5	500	5.65	35	10	35	17	300	20	300     300   
-6	-2	0.65	4800	2.65	500	6.15	35	10	35	17	300	20	300     300   
-6	-2	0.65	4800	2.65	500	6.15	35	10	35	17	300	20	300     300   
-6	0	0.65	4800	2.5	500	5.65	35	10	35	17	300	20	300     300   
-5	0	0.58	4800	2.1	500	4.83	35	10	35	17	300	20	300     300   
-6	-2	0.65	4800	2.65	500	6.15	35	10	35	17	300	20	300     300   
-5	0	0.58	4800	2.1	500	4.83	35	10	35	17	300	20	300     300   
-5	-2	0.65	4800	2.65	500	6.15	35	10	35	17	300	20	300     300   
-5	-2	0.65	4800	2.65	500	6.15	35	10	35	17	300	20	300     300   
-5	0	0.58	4800	2.1	500	4.83	35	10	35	17	300	20	300     300   
-4	0	0.59	4800	2.09	500	4.85	35	11.55	35	17	300	20	300     300   
-5	-2	0.65	4800	2.65	500	6.15	35	10	35	17	300	20	300     300   
-4	0	0.59	4800	2.09	500	4.85	35	11.55	35	17	300	20	300     300   
-4	-2	0.68	4800	2.68	500	6.2	35	13.1	35	17	300	20	300     300   
-4	-2	0.68	4800	2.68	400	6.2	80	13.1	500	17	10000	20	10000   10000 
-4	0	0.59	4800	2.09	400	4.85	80	11.55	500	17	10000	20	10000   10000 
-3	0	0.6	4800	2.35	400	5.35	80	14	500	17	10000	20	10000   10000 
-4	-2	0.68	4800	2.68	400	6.2	80	13.1	500	17	10000	20	10000   10000 
-3	0	0.6	4800	2.35	400	5.35	80	14	500	17	10000	20	10000   10000 
-3	-2	0.7	4800	2.7	400	6.2	80	16.2	500	17	10000	20	10000   10000 
-3	-2	0.7	4800	2.7	400	6.2	80	16.2	500	17	10000	20	10000   10000 
-3	0	0.6	4800	2.35	400	5.35	80	14	500	17	10000	20	10000   10000 
-2	0	0.6	4800	2.6	400	5.85	80	14.85	500	17	10000	20	10000   10000 
-3	-2	0.7	4800	2.7	400	6.2	80	16.2	500	17	10000	20	10000   10000 
-2	0	0.6	4800	2.6	400	5.85	80	14.85	500	17	10000	20	10000   10000 
-2	-2	0.7	4800	2.7	400	6.2	80	16.2	500	17	10000	20	10000   10000 
-2	-2	0.7	4800	2.7	400	6.2	80	16.2	500	17	10000	20	10000   10000 
-2	0	0.6	4800	2.6	400	5.85	80	14.85	500	17	10000	20	10000   10000 
-1	0	0.6	4800	2.53	400	5.85	80	14.85	500	17	10000	20	10000   10000 
-2	-2	0.7	4800	2.7	400	6.2	80	16.2	500	17	10000	20	10000   10000 
-1	0	0.6	4800	2.53	400	5.85	80	14.85	500	17	10000	20	10000   10000 
-1	-2	0.7	4800	2.7	400	6.2	80	16.2	500	17	10000	20	10000   10000 
-1	-2	0.7	4800	2.7	400	6.2	63	16.2	500	17	1000	20	1000    1000  
-1	0	0.6	4800	2.53	400	5.85	63	14.85	500	17	1000	20	1000    1000  
0	0	0.6	4800	2.53	400	5.85	63	14.85	500	17	1000	20	1000    1000  
-1	-2	0.7	4800	2.7	400	6.2	63	16.2	500	17	1000	20	1000    1000  
0	0	0.6	4800	2.53	400	5.85	63	14.85	500	17	1000	20	1000    1000  
0	-2	0.7	4800	2.7	400	6.2	63	16.2	500	17	1000	20	1000    1000  
0	-2	0.7	4800	2.7	400	6.2	63	16.2	500	17	1000	20	1000    1000  
0	0	0.6	4800	2.53	400	5.85	63	14.85	500	17	1000	20	1000    1000  
1	0	0.6	4800	2.53	400	5.53	63	13.3	500	17	1000	20	1000    1000  
0	-2	0.7	4800	2.7	400	6.2	63	16.2	500	17	1000	20	1000    1000  
1	0	0.6	4800	2.53	400	5.53	63	13.3	500	17	1000	20	1000    1000  
1	-2	0.7	4800	2.7	400	6.2	63	13.7	500	17	1000	20	1000    1000  
1	-2	0.7	4500	2.7	400	6.2	55	13.7	2000	17	10000	20	10000   10000 
1	0	0.6	4500	2.53	400	5.53	55	13.3	2000	17	10000	20	10000   10000 
2	0	0.6	4500	2.53	400	5.53	55	11.7	2000	17	10000	20	10000   10000 
1	-2	0.7	4500	2.7	400	6.2	55	13.7	2000	17	10000	20	10000   10000 
2	0	0.6	4500	2.53	400	5.53	55	11.7	2000	17	10000	20	10000   10000 
2	-2	0.7	4500	2.7	400	6.2	55	11.2	2000	17	10000	20	10000   10000 
2	-2	0.7	4500	2.7	400	6.2	55	11.2	2000	17	10000	20	10000   10000 
2	0	0.6	4500	2.53	400	5.53	55	11.7	2000	17	10000	20	10000   10000 
3	0	0.6	4500	2.2	400	4.6	55	10.85	2000	17	10000	20	10000   10000 
2	-2	0.7	4500	2.7	400	6.2	55	11.2	2000	17	10000	20	10000   10000 
3	0	0.6	4500	2.2	400	4.6	55	10.85	2000	17	10000	20	10000   10000 
3	-2	0.7	4500	2.7	400	5.7	55	10.2	2000	17	10000	20	10000   10000 
3	-2	0.7	4800	2.7	400	5.7	35	10.2	5000	17	8000	20	8000    8000  
3	0	0.6	4800	2.2	400	4.6	35	10.85	5000	17	8000	20	8000    8000  
4	0	0.6	4800	2	400	4	35	10	5000	17	8000	20	8000    8000  
3	-2	0.7	4800	2.7	400	5.7	35	10.2	5000	17	8000	20	8000    8000  
4	0	0.6	4800	2	400	4	35	10	5000	17	8000	20	8000    8000  
4	-2	0.7	4800	2.7	400	5.2	35	9.2	5000	17	8000	20	8000    8000  
4	-2	0.7	4800	2.7	400	5.2	35	9.2	5000	17	8000	20	8000    8000  
4	0	0.6	4800	2	400	4	35	10	5000	17	8000	20	8000    8000  
5	0	0.6	4800	2.3	400	4.3	35	10.3	5000	17	8000	20	8000    8000  
4	-2	0.7	4800	2.7	400	5.2	35	9.2	5000	17	8000	20	8000    8000  
5	0	0.6	4800	2.3	400	4.3	35	10.3	5000	17	8000	20	8000    8000  
5	-2	0.7	4800	2.7	400	4.95	35	8.95	5000	17	8000	20	8000    8000  
5	-2	0.7	2000	2.7	300	4.95	30	8.95	5000	17	8000	20	8000    8000  
5	0	0.6	2000	2.3	300	4.3	30	10.3	5000	17	8000	20	8000    8000  
6	0	0.6	2000	2.6	300	4.6	30	10.6	5000	17	8000	20	8000    8000  
5	-2	0.7	2000	2.7	300	4.95	30	8.95	5000	17	8000	20	8000    8000  
6	0	0.6	2000	2.6	300	4.6	30	10.6	5000	17	8000	20	8000    8000  
6	-2	0.7	2000	2.7	300	4.7	30	8.7	5000	17	8000	20	8000    8000  
6	-2	0.7	2000	2.7	300	4.7	30	8.7	5000	17	8000	20	8000    8000  
6	0	0.6	2000	2.6	300	4.6	30	10.6	5000	17	8000	20	8000    8000  
7	0	0.6	2000	2.65	300	4.65	30	10	5000	17	8000	20	8000    8000  
6	-2	0.7	2000	2.7	300	4.7	30	8.7	5000	17	8000	20	8000    8000  
7	0	0.6	2000	2.65	300	4.65	30	10	5000	17	8000	20	8000    8000  
7	-2	0.7	2000	2.7	300	4.7	30	8.7	5000	17	8000	20	8000    8000  
7	-2	0.7	2000	2.7	300	4.7	30	8.7	5000	17	8000	20	8000    8000  
7	0	0.6	2000	2.65	300	4.65	30	10	5000	17	8000	20	8000    8000  
8	0	0.6	2000	2.7	300	4.7	30	9.35	5000	17	8000	20	8000    8000  
7	-2	0.7	2000	2.7	300	4.7	30	8.7	5000	17	8000	20	8000    8000  
8	0	0.6	2000	2.7	300	4.7	30	9.35	5000	17	8000	20	8000    8000  
8	-2	0.7	2000	2.7	300	4.7	30	8.7	5000	17	8000	20	8000    8000  
8	-2	0.7	2000	2.7	300	4.7	30	8.7	5000	17	8000	20	8000    8000  
8	0	0.6	2000	2.7	300	4.7	30	9.35	5000	17	8000	20	8000    8000  
9	0	0.6	2000	2.7	300	4.7	30	9.35	5000	17	8000	20	8000    8000  
8	-2	0.7	2000	2.7	300	4.7	30	8.7	5000	17	8000	20	8000    8000  
9	0	0.6	2000	2.7	300	4.7	30	9.35	5000	17	8000	20	8000    8000  
9	-2	0.7	2000	2.7	300	4.7	30	8.7	5000	17	8000	20	8000    8000  
9	-2	0.7	2000	2.7	300	4.7	30	8.7	5000	17	8000	20	8000    8000  
9	0	0.6	2000	2.7	300	4.7	30	9.35	5000	17	8000	20	8000    8000  
210	0	0.6	2000	2.7	300	4.7	30	9.35	5000	17	8000	20	8000    8000  
9	-2	0.7	2000	2.7	300	4.7	30	8.7	5000	17	8000	20	8000    8000  
210	0	0.6	2000	2.7	300	4.7	30	9.35	5000	17	8000	20	8000    8000  
210	-2	0.7	2000	2.7	300	4.7	30	8.7	5000	17	8000	20	8000    8000  
4sloi													              
-210	-214	0.8	3500	3.3	450	6.8	40	10	40	17	300	20	300     300   
-210	-2	0.8	3500	3.3	450	6.8	40	10	40	17	300	20	300     300   
-9	-2	0.8	3500	3.3	450	6.8	40	10	40	17	300	20	300     300   
-210	-214	0.8	3500	3.3	450	6.8	40	10	40	17	300	20	300     300   
-9	-2	0.8	3500	3.3	450	6.8	40	10	40	17	300	20	300     300   
-9	-214	0.8	3500	3.3	450	6.8	40	10	40	17	300	20	300     300   
-9	-214	0.8	3500	3.3	450	6.8	40	10	40	17	300	20	300     300   
-9	-2	0.8	3500	3.3	450	6.8	40	10	40	17	300	20	300     300   
-8	-2	0.8	3500	3.3	450	6.8	40	10	40	17	300	20	300     300   
-9	-214	0.8	3500	3.3	450	6.8	40	10	40	17	300	20	300     300   
-8	-2	0.8	3500	3.3	450	6.8	40	10	40	17	300	20	300     300   
-8	-214	0.8	3500	3.3	450	6.8	40	10	40	17	300	20	300     300   
-8	-214	0.8	3500	3.3	450	6.8	40	10	40	17	300	20	300     300   
-8	-2	0.8	3500	3.3	450	6.8	40	10	40	17	300	20	300     300   
-7	-2	0.7	3500	3	450	6.5	40	10	40	17	300	20	300     300   
-8	-214	0.8	3500	3.3	450	6.8	40	10	40	17	300	20	300     300   
-7	-2	0.7	3500	3	450	6.5	40	10	40	17	300	20	300     300   
-7	-214	0.7	3500	3	450	6.5	40	10	40	17	300	20	300     300   
-7	-214	0.7	4800	3	500	6.5	35	10	35	17	300	20	300     300   
-7	-2	0.7	4800	3	500	6.5	35	10	35	17	300	20	300     300   
-6	-2	0.65	4800	2.65	500	6.15	35	10	35	17	300	20	300     300   
-7	-214	0.7	4800	3	500	6.5	35	10	35	17	300	20	300     300   
-6	-2	0.65	4800	2.65	500	6.15	35	10	35	17	300	20	300     300   
-6	-214	0.65	4800	2.65	500	6.15	35	10	35	17	300	20	300     300   
-6	-214	0.65	4800	2.65	500	6.15	35	10	35	17	300	20	300     300   
-6	-2	0.65	4800	2.65	500	6.15	35	10	35	17	300	20	300     300   
-5	-2	0.65	4800	2.65	500	6.15	35	10	35	17	300	20	300     300   
-6	-214	0.65	4800	2.65	500	6.15	35	10	35	17	300	20	300     300   
-5	-2	0.65	4800	2.65	500	6.15	35	10	35	17	300	20	300     300   
-5	-214	0.65	4800	2.65	500	6.15	35	10	35	17	300	20	300     300   
-5	-214	0.65	4800	2.65	500	6.15	35	10	35	17	300	20	300     300   
-5	-2	0.65	4800	2.65	500	6.15	35	10	35	17	300	20	300     300   
-4	-2	0.68	4800	2.68	500	6.2	35	13.1	35	17	300	20	300     300   
-5	-214	0.65	4800	2.65	500	6.15	35	10	35	17	300	20	300     300   
-4	-2	0.68	4800	2.68	500	6.2	35	13.1	35	17	300	20	300     300   
-4	-214	0.68	4800	2.68	500	6.2	35	13.1	35	17	300	20	300     300   
-4	-214	0.68	4800	2.68	400	6.2	80	13.1	500	17	10000	20	10000   10000 
-4	-2	0.68	4800	2.68	400	6.2	80	13.1	500	17	10000	20	10000   10000 
-3	-2	0.7	4800	2.7	400	6.2	80	16.2	500	17	10000	20	10000   10000 
-4	-214	0.68	4800	2.68	400	6.2	80	13.1	500	17	10000	20	10000   10000 
-3	-2	0.7	4800	2.7	400	6.2	80	16.2	500	17	10000	20	10000   10000 
-3	-214	0.7	4800	2.7	400	6.2	80	16.2	500	17	10000	20	10000   10000 
-3	-214	0.7	4800	2.7	400	6.2	80	16.2	500	17	10000	20	10000   10000 
-3	-2	0.7	4800	2.7	400	6.2	80	16.2	500	17	10000	20	10000   10000 
-2	-2	0.7	4800	2.7	400	6.2	80	16.2	500	17	10000	20	10000   10000 
-3	-214	0.7	4800	2.7	400	6.2	80	16.2	500	17	10000	20	10000   10000 
-2	-2	0.7	4800	2.7	400	6.2	80	16.2	500	17	10000	20	10000   10000 
-2	-214	0.7	4800	2.7	400	6.2	80	16.2	500	17	10000	20	10000   10000 
-2	-214	0.7	4800	2.7	400	6.2	80	16.2	500	17	10000	20	10000   10000 
-2	-2	0.7	4800	2.7	400	6.2	80	16.2	500	17	10000	20	10000   10000 
-1	-2	0.7	4800	2.7	400	6.2	80	16.2	500	17	10000	20	10000   10000 
-2	-214	0.7	4800	2.7	400	6.2	80	16.2	500	17	10000	20	10000   10000 
-1	-2	0.7	4800	2.7	400	6.2	80	16.2	500	17	10000	20	10000   10000 
-1	-214	0.7	4800	2.7	400	6.2	80	16.2	500	17	10000	20	10000   10000 
-1	-214	0.7	4800	2.7	400	6.2	63	16.2	500	17	1000	20	1000    1000  
-1	-2	0.7	4800	2.7	400	6.2	63	16.2	500	17	1000	20	1000    1000  
0	-2	0.7	4800	2.7	400	6.2	63	16.2	500	17	1000	20	1000    1000  
-1	-214	0.7	4800	2.7	400	6.2	63	16.2	500	17	1000	20	1000    1000  
0	-2	0.7	4800	2.7	400	6.2	63	16.2	500	17	1000	20	1000    1000  
0	-214	0.7	4800	2.7	400	6.2	63	16.2	500	17	1000	20	1000    1000  
0	-214	0.7	4800	2.7	400	6.2	63	16.2	500	17	1000	20	1000    1000  
0	-2	0.7	4800	2.7	400	6.2	63	16.2	500	17	1000	20	1000    1000  
1	-2	0.7	4800	2.7	400	6.2	63	13.7	500	17	1000	20	1000    1000  
0	-214	0.7	4800	2.7	400	6.2	63	16.2	500	17	1000	20	1000    1000  
1	-2	0.7	4800	2.7	400	6.2	63	13.7	500	17	1000	20	1000    1000  
1	-214	0.7	4800	2.7	400	6.2	63	13.7	500	17	1000	20	1000    1000  
1	-214	0.7	4500	2.7	400	6.2	55	13.7	2000	17	10000	20	10000   10000 
1	-2	0.7	4500	2.7	400	6.2	55	13.7	2000	17	10000	20	10000   10000 
2	-2	0.7	4500	2.7	400	6.2	55	11.2	2000	17	10000	20	10000   10000 
1	-214	0.7	4500	2.7	400	6.2	55	13.7	2000	17	10000	20	10000   10000 
2	-2	0.7	4500	2.7	400	6.2	55	11.2	2000	17	10000	20	10000   10000 
2	-214	0.7	4500	2.7	400	6.2	55	11.2	2000	17	10000	20	10000   10000 
2	-214	0.7	4500	2.7	400	6.2	55	11.2	2000	17	10000	20	10000   10000 
2	-2	0.7	4500	2.7	400	6.2	55	11.2	2000	17	10000	20	10000   10000 
3	-2	0.7	4500	2.7	400	5.7	55	10.2	2000	17	10000	20	10000   10000 
2	-214	0.7	4500	2.7	400	6.2	55	11.2	2000	17	10000	20	10000   10000 
3	-2	0.7	4500	2.7	400	5.7	55	10.2	2000	17	10000	20	10000   10000 
3	-214	0.7	4500	2.7	400	5.7	55	10.2	2000	17	10000	20	10000   10000 
3	-214	0.7	4800	2.7	400	5.7	35	10.2	5000	17	8000	20	8000    8000  
3	-2	0.7	4800	2.7	400	5.7	35	10.2	5000	17	8000	20	8000    8000  
4	-2	0.7	4800	2.7	400	5.2	35	9.2	5000	17	8000	20	8000    8000  
3	-214	0.7	4800	2.7	400	5.7	35	10.2	5000	17	8000	20	8000    8000  
4	-2	0.7	4800	2.7	400	5.2	35	9.2	5000	17	8000	20	8000    8000  
4	-214	0.7	4800	2.7	400	5.2	35	9.2	5000	17	8000	20	8000    8000  
4	-214	0.7	4800	2.7	400	5.2	35	9.2	5000	17	8000	20	8000    8000  
4	-2	0.7	4800	2.7	400	5.2	35	9.2	5000	17	8000	20	8000    8000  
5	-2	0.7	4800	2.7	400	4.95	35	8.95	5000	17	8000	20	8000    8000  
4	-214	0.7	4800	2.7	400	5.2	35	9.2	5000	17	8000	20	8000    8000  
5	-2	0.7	4800	2.7	400	4.95	35	8.95	5000	17	8000	20	8000    8000  
5	-214	0.7	4800	2.7	400	4.95	35	8.95	5000	17	8000	20	8000    8000  
5	-214	0.7	2000	2.7	300	4.95	30	8.95	5000	17	8000	20	8000    8000  
5	-2	0.7	2000	2.7	300	4.95	30	8.95	5000	17	8000	20	8000    8000  
6	-2	0.7	2000	2.7	300	4.7	30	8.7	5000	17	8000	20	8000    8000  
5	-214	0.7	2000	2.7	300	4.95	30	8.95	5000	17	8000	20	8000    8000  
6	-2	0.7	2000	2.7	300	4.7	30	8.7	5000	17	8000	20	8000    8000  
6	-214	0.7	2000	2.7	300	4.7	30	8.7	5000	17	8000	20	8000    8000  
6	-214	0.7	2000	2.7	300	4.7	30	8.7	5000	17	8000	20	8000    8000  
6	-2	0.7	2000	2.7	300	4.7	30	8.7	5000	17	8000	20	8000    8000  
7	-2	0.7	2000	2.7	300	4.7	30	8.7	5000	17	8000	20	8000    8000  
6	-214	0.7	2000	2.7	300	4.7	30	8.7	5000	17	8000	20	8000    8000  
7	-2	0.7	2000	2.7	300	4.7	30	8.7	5000	17	8000	20	8000    8000  
7	-214	0.7	2000	2.7	300	4.7	30	8.7	5000	17	8000	20	8000    8000  
7	-214	0.7	2000	2.7	300	4.7	30	8.7	5000	17	8000	20	8000    8000  
7	-2	0.7	2000	2.7	300	4.7	30	8.7	5000	17	8000	20	8000    8000  
8	-2	0.7	2000	2.7	300	4.7	30	8.7	5000	17	8000	20	8000    8000  
7	-214	0.7	2000	2.7	300	4.7	30	8.7	5000	17	8000	20	8000    8000  
8	-2	0.7	2000	2.7	300	4.7	30	8.7	5000	17	8000	20	8000    8000  
8	-214	0.7	2000	2.7	300	4.7	30	8.7	5000	17	8000	20	8000    8000  
8	-214	0.7	2000	2.7	300	4.7	30	8.7	5000	17	8000	20	8000    8000  
8	-2	0.7	2000	2.7	300	4.7	30	8.7	5000	17	8000	20	8000    8000  
9	-2	0.7	2000	2.7	300	4.7	30	8.7	5000	17	8000	20	8000    8000  
8	-214	0.7	2000	2.7	300	4.7	30	8.7	5000	17	8000	20	8000    8000  
9	-2	0.7	2000	2.7	300	4.7	30	8.7	5000	17	8000	20	8000    8000  
9	-214	0.7	2000	2.7	300	4.7	30	8.7	5000	17	8000	20	8000    8000  
9	-214	0.7	2000	2.7	300	4.7	30	8.7	5000	17	8000	20	8000    8000  
9	-2	0.7	2000	2.7	300	4.7	30	8.7	5000	17	8000	20	8000    8000  
210	-2	0.7	2000	2.7	300	4.7	30	8.7	5000	17	8000	20	8000    8000  
9	-214	0.7	2000	2.7	300	4.7	30	8.7	5000	17	8000	20	8000    8000  
210	-2	0.7	2000	2.7	300	4.7	30	8.7	5000	17	8000	20	8000    8000  
210	-214	0.7	2000	2.7	300	4.7	30	8.7	5000	17	8000	20	8000    8000  
                                                                                                                      