x1	y1	z_h1	Rho_h1	z_h2	Rho_h2	z_h3	Rho_h3	z_h4	Rho_h4	z_h5	Rho_h5	z_h6	Rho_h6	Rho_f
16,14
1 sloi
-43350	1258	0.1	500	0.2	500	1	500	4.5	500	10	500	15	500	1800
-43350	41529	0.1	500	0.2	500	1	500	4.5	500	10	500	15	500	1800
-2700	41529	0.1	500	0.2	500	1	500	4.5	500	10	500	15	500	1800
-43350	1258	0.1	500	0.2	500	1	500	4.5	500	10	500	15	500	1800
-2700	41529	0.1	500	0.2	500	1	500	4.5	500	10	500	15	500	1800
-2700	1258	0.1	500	0.2	500	1	500	4.5	500	10	500	15	500	1800
-2700	1258	0.1	500	0.2	500	1	500	4.5	500	10	500	15	500	1800
-2700	41529	0.1	500	0.2	500	1	500	4.5	500	10	500	15	500	1800
-2050	41529	0.1	500	0.2	500	1	500	6.75	500	34.5	500	62	500	1800
-2700	1258	0.1	500	0.2	500	1	500	4.5	500	10	500	15	500	1800
-2050	41529	0.1	500	0.2	500	1	500	6.75	500	34.5	500	62	500	1800
-2050	1281	0.1	500	0.2	500	1	500	6.75	500	34.5	500	62	500	1800
-2050	1281	0.1	500	0.2	500	1	500	6.75	500	34.5	500	62	500	1800
-2050	41529	0.1	500	0.2	500	1	500	6.75	500	34.5	500	62	500	1800
-1400	41529	0.1	90	0.2	90	2	90	9	3000	59	30	109	30	1000
-2050	1281	0.1	90	0.2	90	1	90	6.75	3000	34.5	30	62	30	1000
-1400	41529	0.1	90	0.2	90	2	90	9	3000	59	30	109	30	1000
-1400	1305	0.1	90	0.2	90	2	90	9	3000	59	30	109	30	1000
-1400	1305	0.1	90	0.2	90	2	90	9	3000	59	30	109	30	1000
-1400	41529	0.1	90	0.2	90	2	90	9	3000	59	30	109	30	1000
0	41529	0.1	90	0.2	90	1.5	90	8	3000	78	30	148	30	1000
-1400	1305	0.1	90	0.2	90	2	90	9	3000	59	30	109	30	1000
0	41529	0.1	90	0.2	90	1.5	90	8	3000	78	30	148	30	1000
0	1263	0.5	90	1	90	1.5	90	8	3000	78	30	148	30	1000
0	1263	0.5	400	1	400	1.5	400	8	1400	78	250	148	250	600
0	41529	0.5	400	1	400	1.5	400	8	1400	78	250	148	250	600
1400	41529	0.5	400	1	400	1.5	400	8	1400	78	250	148	250	600
0	1263	0.5	400	1	400	1.5	400	8	1400	78	250	148	250	600
1400	41529	0.5	400	1	400	1.5	400	8	1400	78	250	148	250	600
1400	1221	0.5	400	0.7	400	1	400	7	1400	97	250	187	250	600
1400	1221	0.5	400	0.7	400	1	400	7	1400	97	250	187	250	600
1400	41529	0.5	400	1	400	1.5	400	8	1400	78	250	148	250	600
2335	41529	0.5	400	0.7	400	1	400	39	1400	134	250	304	250	600
1400	1221	0.5	400	0.7	400	1	400	7	1400	97	250	187	250	600
2335	41529	0.5	400	0.7	400	1	400	39	1400	134	250	304	250	600
2335	1175	0.5	400	0.7	400	1	400	39	1400	134	250	304	250	600
2335	1175	0.5	250	0.7	250	1	250	39	600	134	130	304	50	160
2335	41529	0.5	250	0.7	250	1	250	39	600	134	130	304	50	160
3270	41529	0.5	250	0.7	250	1	250	71	600	171	130	421	50	160
2335	1175	0.5	250	0.7	250	1	250	39	600	134	130	304	50	160
3270	41529	0.5	250	0.7	250	1	250	71	600	171	130	421	50	160
3270	1129	0.5	250	0.7	250	1	250	71	600	171	130	421	50	160
3270	1129	0.5	250	0.7	250	1	250	71	600	171	130	421	50	160
3270	41529	0.5	250	0.7	250	1	250	71	600	171	130	421	50	160
44205	41529	0.5	250	0.7	250	1	250	71	600	171	130	421	50	160
3270	1129	0.5	250	0.7	250	1	250	71	600	171	130	421	50	160
44205	41529	0.5	250	0.7	250	1	250	71	600	171	130	421	50	160
44205	1129	0.5	250	0.7	250	1	250	71	600	171	130	421	50	160
2sloi													
-43350	987	0.1	500	0.5	500	1	500	3	500	18.5	500	56	500	1800
-43350	1258	0.1	500	0.2	500	1	500	4.5	500	10	500	15	500	1800
-2700	1258	0.1	500	0.2	500	1	500	4.5	500	10	500	15	500	1800
-43350	987	0.1	500	0.5	500	1	500	3	500	18.5	500	56	500	1800
-2700	1258	0.1	500	0.2	500	1	500	4.5	500	10	500	15	500	1800
-2700	987	0.1	500	0.5	500	1	500	3	500	18.5	500	56	500	1800
-2700	987	0.1	500	0.5	500	1	500	3	500	18.5	500	56	500	1800
-2700	1258	0.1	500	0.2	500	1	500	4.5	500	10	500	15	500	1800
-2050	1281	0.1	500	0.2	500	1	500	4.5	500	29.5	500	54.5	500	1500
-2700	987	0.1	500	0.5	500	1	500	3	500	18.5	500	56	500	1800
-2050	1281	0.1	500	0.2	500	1	500	4.5	500	29.5	500	54.5	500	1500
-2050	1044	0.1	500	0.25	500	2.25	500	7.75	500	32	500	87	500	1800
-2050	1044	0.1	90	0.25	90	2.25	90	7.75	3000	32	30	87	30	1000
-2050	1281	0.1	90	0.2	90	1	90	6.75	3000	34.5	30	62	30	1000
-1400	1305	0.1	90	0.2	90	2	90	9	3000	59	30	109	30	1000
-2050	1044	0.1	90	0.25	90	2.25	90	7.75	3000	32	30	87	30	1000
-1400	1305	0.1	90	0.2	90	2	90	9	3000	59	30	109	30	1000
-1400	1101	0.1	90	0.2	90	2	90	10.5	3000	50.5	30	125.5	30	1000
-1400	1101	0.1	90	0.2	90	2	90	10.5	3000	50.5	30	125.5	30	1000
-1400	1305	0.1	90	0.2	90	2	90	9	3000	59	30	109	30	1000
0	1263	0.5	90	1	90	1.5	90	8	3000	78	30	148	30	1000
-1400	1101	0.1	90	0.2	90	2	90	10.5	3000	50.5	30	125.5	30	1000
0	1263	0.5	90	1	90	1.5	90	8	3000	78	30	148	30	1000
0	1038	0.5	90	1	90	5	90	11.5	3000	72.8	30	151.5	30	1000
0	1038	0.5	400	1	400	5	400	11.5	1400	72.8	250	151.5	250	600
0	1263	0.5	400	1	400	1.5	400	8	1400	78	250	148	250	600
1400	1221	0.5	400	0.7	400	1	400	7	1400	97	250	187	250	600
0	1038	0.5	400	1	400	5	400	11.5	1400	72.8	250	151.5	250	600
1400	1221	0.5	400	0.7	400	1	400	7	1400	97	250	187	250	600
1400	975	0.5	400	1	400	8	400	12.5	1400	95	250	177.5	250	600
1400	975	0.5	400	1	400	8	400	12.5	1400	95	250	177.5	250	600
1400	1221	0.5	400	0.7	400	1	400	7	1400	97	250	187	250	600
2335	1175	0.5	400	0.7	400	1	400	39	1400	134	250	304	250	600
1400	975	0.5	400	1	400	8	400	12.5	1400	95	250	177.5	250	600
2335	1175	0.5	400	0.7	400	1	400	39	1400	134	250	304	250	600
2335	950	0.1	400	0.25	400	5.25	400	36.25	1400	127.5	250	294	250	600
2335	950	0.1	250	0.25	250	5.25	250	36.25	600	127.5	130	294	50	160
2335	1175	0.5	250	0.7	250	1	250	39	600	134	130	304	50	160
3270	1129	0.5	250	0.7	250	1	250	71	600	171	130	421	50	160
2335	950	0.1	250	0.25	250	5.25	250	36.25	600	127.5	130	294	50	160
3270	1129	0.5	250	0.7	250	1	250	71	600	171	130	421	50	160
3270	925	0.1	250	0.5	250	2.5	250	60	600	160	130	410	50	160
3270	925	0.1	250	0.5	250	2.5	250	60	600	160	130	410	50	160
3270	1129	0.5	250	0.7	250	1	250	71	600	171	130	421	50	160
44205	1129	0.5	250	0.7	250	1	250	71	600	171	130	421	50	160
3270	925	0.1	250	0.5	250	2.5	250	60	600	160	130	410	50	160
44205	1129	0.5	250	0.7	250	1	250	71	600	171	130	421	50	160
44205	925	0.1	250	0.5	250	2.5	250	60	600	160	130	410	50	160
3sloi													
-43350	716	0.1	300	1	300	5	500	10	50	27	200	97	60	500
-43350	987	0.1	300	0.5	300	1	500	3	50	18.5	200	56	60	500
-2700	987	0.1	300	0.5	300	1	500	3	50	18.5	200	56	60	500
-43350	716	0.1	300	1	300	5	500	10	50	27	200	97	60	500
-2700	987	0.1	300	0.5	300	1	500	3	50	18.5	200	56	60	500
-2700	716	0.25	300	1	300	5	500	10	50	27	200	97	60	500
-2700	716	0.25	300	1	300	5	500	10	50	27	200	97	60	500
-2700	987	0.1	300	0.5	300	1	500	3	50	18.5	200	56	60	500
-2050	1044	0.1	300	0.25	300	2.25	500	7.75	50	32	200	87	60	500
-2700	716	0.25	300	1	300	5	500	10	50	27	200	97	60	500
-2050	1044	0.1	300	0.25	300	2.25	500	7.75	50	32	200	87	60	500
-2050	807	0.25	300	0.5	300	3.7	500	11.2	50	34.7	200	119.7	60	500
-2050	807	0.25	330	0.5	330	3.7	330	11.2	2000	34.7	150	119.7	22	3000
-2050	1044	0.1	330	0.25	330	2.25	330	7.75	2000	32	150	87	22	3000
-1400	1101	0.25	330	0.5	330	2	330	10.5	2000	50.5	150	125.5	22	3000
-2050	807	0.25	330	0.5	330	3.7	330	11.2	2000	34.7	150	119.7	22	3000
-1400	1101	0.25	330	0.5	330	2	330	10.5	2000	50.5	150	125.5	22	3000
-1400	898	0.25	330	0.5	330	2.4	330	12.4	2000	42.4	150	142.4	22	3000
-1400	898	0.25	330	0.5	330	2.4	330	12.4	2000	42.4	150	142.4	22	3000
-1400	1101	0.25	330	0.5	330	2	330	10.5	2000	50.5	150	125.5	22	3000
0	1038	0.25	330	0.5	330	5	330	11.5	2000	72.8	150	151.5	22	3000
-1400	898	0.25	330	0.5	330	2.4	330	12.4	2000	42.4	150	142.4	22	3000
0	1038	0.25	330	0.5	330	5	330	11.5	2000	72.8	150	151.5	22	3000
0	814	0.25	330	0.5	330	8.7	330	15.2	2000	67.7	150	155.2	22	3000
0	814	0.25	270	0.5	270	8.7	270	15.2	7000	67.7	400	155.2	400	900
0	1038	0.25	270	0.5	270	5	270	11.5	7000	72.8	400	151.5	400	900
1400	975	0.25	270	0.5	270	8	270	12.5	7000	95	400	177.5	400	900
0	814	0.25	270	0.5	270	8.7	270	15.2	7000	67.7	400	155.2	400	900
1400	975	0.25	270	0.5	270	8	270	12.5	7000	95	400	177.5	400	900
1400	730	0.25	270	0.5	270	15	270	18	7000	93	400	168	400	900
1400	730	0.25	270	0.5	270	15	270	18	7000	93	400	168	400	900
1400	975	0.25	270	0.5	270	8	270	12.5	7000	95	400	177.5	400	900
2335	950	0.25	270	0.5	270	5.25	270	36.25	7000	127.5	400	294	400	900
1400	730	0.25	270	0.5	270	15	270	18	7000	93	400	168	400	900
2335	950	0.25	270	0.5	270	5.25	270	36.25	7000	127.5	400	294	400	900
2335	726	0.25	270	0.5	270	9.5	270	33.5	7000	121	400	283.5	400	900
2335	726	0.25	100	0.5	100	9.5	300	33.5	800	121	150	283.5	70	400
2335	950	0.1	100	0.25	100	5.25	300	36.25	800	127.5	150	294	70	400
3270	925	0.25	100	0.5	100	2.5	300	60	800	160	150	410	70	400
2335	726	0.25	100	0.5	100	9.5	300	33.5	800	121	150	283.5	70	400
3270	925	0.25	100	0.5	100	2.5	300	60	800	160	150	410	70	400
3270	722	0.25	100	1	100	4	300	49	800	149	150	399	70	400
3270	722	0.25	100	1	100	4	300	49	800	149	150	399	70	400
3270	925	0.25	100	0.5	100	2.5	300	60	800	160	150	410	70	400
44205	925	0.25	100	0.5	100	2.5	300	60	800	160	150	410	70	400
3270	722	0.25	100	1	100	4	300	49	800	149	150	399	70	400
44205	925	0.25	100	0.5	100	2.5	300	60	800	160	150	410	70	400
44205	722	0.25	100	1	100	4	300	49	800	149	150	399	70	400
 4 sloi													
-43350	503	0.1	300	0.5	300	2.5	500	12.5	50	40	200	115	60	500
-43350	716	0.1	300	1	300	5	500	10	50	27	200	97	60	500
-2700	716	0.25	300	1	300	5	500	10	50	27	200	97	60	500
-43350	503	0.1	300	0.5	300	2.5	500	12.5	50	40	200	115	60	500
-2700	716	0.25	300	1	300	5	500	10	50	27	200	97	60	500
-2700	503	0.25	300	0.5	300	2.5	500	12.5	50	40	200	115	60	500
-2700	503	0.25	300	0.5	300	2.5	500	12.5	50	40	200	115	60	500
-2700	716	0.25	300	1	300	5	500	10	50	27	200	97	60	500
-2050	807	0.25	300	0.5	300	3.7	500	11.2	50	34.7	200	119.7	60	500
-2700	503	0.25	300	0.5	300	2.5	500	12.5	50	40	200	115	60	500
-2050	807	0.25	300	0.5	300	3.7	500	11.2	50	34.7	200	119.7	60	500
-2050	598	0.1	300	0.25	300	3.25	500	12	50	39.5	200	127	60	500
-2050	598	0.1	330	0.25	330	3.25	330	12	2000	39.5	150	127	22	3000
-2050	807	0.25	330	0.5	330	3.7	330	11.2	2000	34.7	150	119.7	22	3000
-1400	898	0.25	330	0.5	330	2.4	330	12.4	2000	42.4	150	142.4	22	3000
-2050	598	0.1	330	0.25	330	3.25	330	12	2000	39.5	150	127	22	3000
-1400	898	0.25	330	0.5	330	2.4	330	12.4	2000	42.4	150	142.4	22	3000
-1400	694	0.25	330	0.5	330	4	330	11.5	2000	39	150	139	22	3000
-1400	694	0.25	330	0.5	330	4	330	11.5	2000	39	150	139	22	3000
-1400	898	0.25	330	0.5	330	2.4	330	12.4	2000	42.4	150	142.4	22	3000
0	814	0.25	330	0.5	330	8.7	330	15.2	2000	67.7	150	155.2	22	3000
-1400	694	0.25	330	0.5	330	4	330	11.5	2000	39	150	139	22	3000
0	814	0.25	330	0.5	330	8.7	330	15.2	2000	67.7	150	155.2	22	3000
0	606	0.25	330	0.5	330	6	330	12.5	2000	55	150	153.8	22	3000
0	606	0.25	270	1	270	6	270	12.5	7000	55	400	153.8	400	900
0	814	0.25	270	1	270	8.7	270	15.2	7000	67.7	400	155.2	400	900
1400	730	0.25	270	1	270	15	270	18	7000	93	400	168	400	900
0	606	0.25	270	1	270	6	270	12.5	7000	55	400	153.8	400	900
1400	730	0.25	270	1	270	15	270	18	7000	93	400	168	400	900
1400	518	0.25	270	1	270	8	270	13.5	7000	71	400	168.5	400	900
1400	518	0.25	270	1	270	8	270	13.5	7000	71	400	168.5	400	900
1400	730	0.25	270	1	270	15	270	18	7000	93	400	168	400	900
2335	726	0.25	270	0.5	270	9.5	270	33.5	7000	121	400	283.5	400	900
1400	518	0.25	270	1	270	8	270	13.5	7000	71	400	168.5	400	900
2335	726	0.25	270	0.5	270	9.5	270	33.5	7000	121	400	283.5	400	900
2335	520	0.25	270	1	270	5.25	270	28.75	7000	107.5	400	281	400	900
2335	520	0.25	100	1	100	5.25	300	28.75	800	107.5	150	281	70	400
2335	726	0.25	100	0.5	100	9.5	300	33.5	800	121	150	283.5	70	400
3270	722	0.25	100	1	100	4	300	49	800	149	150	399	70	400
2335	520	0.25	100	1	100	5.25	300	28.75	800	107.5	150	281	70	400
3270	722	0.25	100	1	100	4	300	49	800	149	150	399	70	400
3270	522	0.25	100	1	100	2.5	300	44	800	144	150	394	70	400
3270	522	0.25	100	1	100	2.5	300	44	800	144	150	394	70	400
3270	722	0.25	100	1	100	4	300	49	800	149	150	399	70	400
44205	722	0.25	100	1	100	4	300	49	800	149	150	399	70	400
3270	522	0.25	100	1	100	2.5	300	44	800	144	150	394	70	400
44205	722	0.25	100	1	100	4	300	49	800	149	150	399	70	400
44205	522	0.25	100	1	100	2.5	300	44	800	144	150	394	70	400
 5sloi													
-43350	290	0.25	793	0.5	793	2.5	793	15	793	53	137	133	34	1000
-43350	503	0.25	793	0.5	793	2.5	793	12.5	793	40	137	115	34	1000
-2700	503	0.25	793	0.5	793	2.5	793	12.5	793	40	137	115	34	1000
-43350	290	0.25	793	0.5	793	2.5	793	15	793	53	137	133	34	1000
-2700	503	0.25	793	0.5	793	2.5	793	12.5	793	40	137	115	34	1000
-2700	290	0.25	793	0.5	793	2.5	793	15	793	53	137	133	34	1000
-2700	290	0.25	793	0.5	793	2.5	793	15	793	53	137	133	34	1000
-2700	503	0.25	793	0.5	793	2.5	793	12.5	793	40	137	115	34	1000
-2050	598	0.25	793	0.5	793	3.25	793	12	793	39.5	137	127	34	1000
-2700	290	0.25	793	0.5	793	2.5	793	15	793	53	137	133	34	1000
-2050	598	0.25	793	0.5	793	3.25	793	12	793	39.5	137	127	34	1000
-2050	390	0.25	793	0.5	793	3	793	13	793	44.5	137	134.5	34	1000
-2050	390	0.25	400	0.5	400	3	400	13	2500	44.5	150	134.5	35	3000
-2050	598	0.25	400	0.5	400	3.25	400	12	2500	39.5	150	127	35	3000
-1400	694	0.25	400	0.5	400	4	400	11.5	2500	39	150	139	35	3000
-2050	390	0.25	400	0.5	400	3	400	13	2500	44.5	150	134.5	35	3000
-1400	694	0.25	400	0.5	400	4	400	11.5	2500	39	150	139	35	3000
-1400	490	0.25	400	0.5	400	6	400	11	2500	36	150	136	35	3000
-1400	490	0.25	400	0.5	400	6	400	11	2500	36	150	136	35	3000
-1400	694	0.25	400	0.5	400	4	400	11.5	2500	39	150	139	35	3000
0	606	0.25	400	0.5	400	6	400	12.5	2500	55	150	153.8	35	3000
-1400	490	0.25	400	0.5	400	6	400	11	2500	36	150	136	35	3000
0	606	0.25	400	0.5	400	6	400	12.5	2500	55	150	153.8	35	3000
0	398	0.25	400	0.5	400	3.5	400	10	2500	42.5	150	152.5	35	3000
0	398	0.25	90	0.5	90	3.5	90	10	6500	42.5	350	152.5	95	3000
0	606	0.25	90	0.5	90	6	90	12.5	6500	55	350	153.8	95	3000
1400	518	0.25	90	0.5	90	8	90	13.5	6500	71	350	168.5	95	3000
0	398	0.25	90	0.5	90	3.5	90	10	6500	42.5	350	152.5	95	3000
1400	518	0.25	90	0.5	90	8	90	13.5	6500	71	350	168.5	95	3000
1400	306	0.25	90	0.5	90	1	90	9	6500	49	350	169	95	3000
1400	306	0.25	90	0.5	90	1	90	9	6500	49	350	169	95	3000
1400	518	0.25	90	0.5	90	8	90	13.5	6500	71	350	168.5	95	3000
2335	520	0.25	90	0.5	90	5.25	90	28.75	6500	107.5	350	281	95	3000
1400	306	0.25	90	0.5	90	1	90	9	6500	49	350	169	95	3000
2335	520	0.25	90	0.5	90	5.25	90	28.75	6500	107.5	350	281	95	3000
2335	314	0.25	90	0.5	90	1	90	24	6500	94	350	279	95	3000
2335	314	0.25	80	0.5	80	1	80	24	1800	94	140	279	40	200
2335	520	0.25	80	0.5	80	5.25	80	28.75	1800	107.5	140	281	40	200
3270	522	0.25	80	0.5	80	2.5	80	44	1800	144	140	394	40	200
2335	314	0.25	80	0.5	80	1	80	24	1800	94	140	279	40	200
3270	522	0.25	80	0.5	80	2.5	80	44	1800	144	140	394	40	200
3270	322	0.25	80	0.5	80	1	80	39	1800	139	140	389	40	200
3270	322	0.25	80	0.5	80	1	80	39	1800	139	140	389	40	200
3270	522	0.25	80	0.5	80	2.5	80	44	1800	144	140	394	40	200
44205	522	0.25	80	0.5	80	2.5	80	44	1800	144	140	394	40	200
3270	322	0.25	80	0.5	80	1	80	39	1800	139	140	389	40	200
44205	522	0.25	80	0.5	80	2.5	80	44	1800	144	140	394	40	200
44205	322	0.25	80	0.5	80	1	80	39	1800	139	140	389	40	200
 6sloi													
-43350	159	0.25	793	0.5	793	3	793	10.88	793	39.5	137	129.5	34	1000
-43350	290	0.25	793	0.5	793	3	793	15	793	53	137	133	34	1000
-2700	290	0.25	793	0.5	793	3	793	15	793	53	137	133	34	1000
-43350	159	0.25	793	0.5	793	3	793	10.88	793	39.5	137	129.5	34	1000
-2700	290	0.25	793	0.5	793	3	793	15	793	53	137	133	34	1000
-2700	159	0.25	793	0.5	793	3	793	10.88	793	39.5	137	129.5	34	1000
-2700	159	0.25	793	0.5	793	3	793	10.88	793	39.5	137	129.5	34	1000
-2700	290	0.25	793	0.5	793	3	793	15	793	53	137	133	34	1000
-2050	390	0.25	793	0.5	793	3	793	13	793	44.5	137	134.5	34	1000
-2700	159	0.25	793	0.5	793	3	793	10.88	793	39.5	137	129.5	34	1000
-2050	390	0.25	793	0.5	793	3	793	13	793	44.5	137	134.5	34	1000
-2050	221	0.25	793	0.5	793	3	793	8.2	793	28.8	137	98.75	34	1000
-2050	221	0.25	400	0.5	400	3	400	8.2	2500	28.8	150	98.75	35	3000
-2050	390	0.25	400	0.5	400	3	400	13	2500	44.5	150	134.5	35	3000
-1400	490	0.25	400	0.5	400	6	400	11	2500	36	150	136	35	3000
-2050	221	0.25	400	0.5	400	3	400	8.2	2500	28.8	150	98.75	35	3000
-1400	490	0.25	400	0.5	400	6	400	11	2500	36	150	136	35	3000
-1400	284	0.25	400	0.5	400	3	400	5.5	2500	18	150	68	35	3000
-1400	284	0.25	400	0.5	400	3	400	5.5	2500	18	150	68	35	3000
-1400	490	0.25	400	0.5	400	6	400	11	2500	36	150	136	35	3000
0	398	0.25	400	0.5	400	3.5	400	10	2500	42.5	150	152.5	35	3000
-1400	284	0.25	400	0.5	400	3	400	5.5	2500	18	150	68	35	3000
0	398	0.25	400	0.5	400	3.5	400	10	2500	42.5	150	152.5	35	3000
0	199	0.25	400	0.5	400	2.8	400	7.5	2500	36.3	150	118.8	35	3000
0	199	0.25	90	0.5	90	2.8	90	7.5	6500	36.3	350	118.8	95	3000
0	398	0.25	90	0.5	90	3.5	90	10	6500	42.5	350	152.5	95	3000
1400	306	0.25	90	0.5	90	1	90	9	6500	49	350	169	95	3000
0	199	0.25	90	0.5	90	2.8	90	7.5	6500	36.3	350	118.8	95	3000
1400	306	0.25	90	0.5	90	1	90	9	6500	49	350	169	95	3000
1400	114	0.25	90	0.5	90	2.5	90	9.5	6500	54.5	350	169.5	95	3000
1400	114	0.25	90	0.5	90	2.5	90	9.5	6500	54.5	350	169.5	95	3000
1400	306	0.25	90	0.5	90	1	90	9	6500	49	350	169	95	3000
2335	314	0.25	90	0.5	90	1	90	24	6500	94	350	279	95	3000
1400	114	0.25	90	0.5	90	2.5	90	9.5	6500	54.5	350	169.5	95	3000
2335	314	0.25	90	0.5	90	1	90	24	6500	94	350	279	95	3000
2335	116	0.25	90	0.5	90	1.75	90	21	6500	88.5	350	273	95	3000
2335	116	0.25	80	0.5	80	1.75	80	21	1800	88.5	140	273	40	200
2335	314	0.25	80	0.5	80	1	80	24	1800	94	140	279	40	200
3270	322	0.25	80	0.5	80	1	80	39	1800	139	140	389	40	200
2335	116	0.25	80	0.5	80	1.75	80	21	1800	88.5	140	273	40	200
3270	322	0.25	80	0.5	80	1	80	39	1800	139	140	389	40	200
3270	118	0.25	80	0.5	80	1	80	32.5	1800	122.5	140	377	40	200
3270	118	0.25	80	0.5	80	1	80	32.5	1800	122.5	140	377	40	200
3270	322	0.25	80	0.5	80	1	80	39	1800	139	140	389	40	200
44205	322	0.25	80	0.5	80	1	80	39	1800	139	140	389	40	200
3270	118	0.25	80	0.5	80	1	80	32.5	1800	122.5	140	377	40	200
44205	322	0.25	80	0.5	80	1	80	39	1800	139	140	389	40	200
44205	118	0.25	80	0.5	80	1	80	32.5	1800	122.5	140	377	40	200
 7sloi													
-43350	28	0.25	100	0.5	100	1	100	6.75	218	26.25	57	126.25	29	3000
-43350	159	0.25	100	0.5	100	3	100	10.88	218	39.5	57	129.5	29	3000
-2700	159	0.25	100	0.5	100	3	100	10.88	218	39.5	57	129.5	29	3000
-43350	28	0.25	100	0.5	100	1	100	6.75	218	26.25	57	126.25	29	3000
-2700	159	0.25	100	0.5	100	3	100	10.88	218	39.5	57	129.5	29	3000
-2700	28	0.25	100	0.5	100	1	100	6.75	218	26.25	57	126.25	29	3000
-2700	28	0.25	100	0.5	100	1	100	6.75	218	26.25	57	126.25	29	3000
-2700	159	0.25	100	0.5	100	3	100	10.88	218	39.5	57	129.5	29	3000
-2050	221	0.25	100	0.5	100	3	100	8.2	218	28.8	57	98.75	29	3000
-2700	28	0.25	100	0.5	100	1	100	6.75	218	26.25	57	126.25	29	3000
-2050	221	0.25	100	0.5	100	3	100	8.2	218	28.8	57	98.75	29	3000
-2050	53	0.25	100	0.35	100	0.5	100	3.3	218	13	57	63	29	3000
-2050	53	0.25	500	0.35	500	0.5	500	3.3	500	13	500	63	500	500
-2050	221	0.25	500	0.5	500	3	500	8.2	500	28.8	500	98.75	500	500
-1400	284	0.25	500	0.5	500	3	500	5.5	500	18	500	68	500	500
-2050	53	0.25	500	0.35	500	0.5	500	3.3	500	13	500	63	500	500
-1400	284	0.25	500	0.5	500	3	500	5.5	500	18	500	68	500	500
-1400	78	0.25	500	0.5	500	3	500	5	500	18	500	68	500	500
-1400	78	0.25	500	0.5	500	3	500	5	500	18	500	68	500	500
-1400	284	0.25	500	0.5	500	3	500	5.5	500	18	500	68	500	500
0	199	0.25	500	0.5	500	2.8	500	7.5	500	36.3	500	118.8	500	500
-1400	78	0.25	500	0.5	500	3	500	5	500	18	500	68	500	500
0	199	0.25	500	0.5	500	2.8	500	7.5	500	36.3	500	118.8	500	500
0	0	0.25	500	0.5	500	2	500	5	500	30	500	85	500	500
0	0	0.25	75	0.5	75	2	75	5	1000	30	180	85	40	3000
0	199	0.25	75	0.5	75	2.8	75	7.5	1000	36.3	180	118.8	40	3000
1400	114	0.25	75	0.5	75	2.5	75	9.5	1000	54.5	180	169.5	40	3000
0	0	0.25	75	0.5	75	2	75	5	1000	30	180	85	40	3000
1400	114	0.25	75	0.5	75	2.5	75	9.5	1000	54.5	180	169.5	40	3000
1400	-77	0.25	75	0.5	75	4	75	10	1000	60	180	170	40	3000
1400	-77	0.25	75	0.5	75	4	75	10	1000	60	180	170	40	3000
1400	114	0.25	75	0.5	75	2.5	75	9.5	1000	54.5	180	169.5	40	3000
2335	116	0.25	75	0.5	75	1.75	75	21	1000	88.5	180	273	40	3000
1400	-77	0.25	75	0.5	75	4	75	10	1000	60	180	170	40	3000
2335	116	0.25	75	0.5	75	1.75	75	21	1000	88.5	180	273	40	3000
2335	-81	0.25	75	0.5	75	2.5	75	18	1000	83	180	263	40	3000
2335	-81	0.25	450	0.5	450	2.5	450	18	2400	83	300	263	30	130
2335	116	0.25	450	0.5	450	1.75	450	21	2400	88.5	300	273	30	130
3270	118	0.25	450	0.5	450	1	450	32.5	2400	122.5	300	377	30	130
2335	-81	0.25	450	0.5	450	2.5	450	18	2400	83	300	263	30	130
3270	118	0.25	450	0.5	450	1	450	32.5	2400	122.5	300	377	30	130
3270	-85	0.25	450	0.5	450	1	450	26	2400	106	300	356	30	130
3270	-85	0.25	450	0.5	450	1	450	26	2400	106	300	356	30	130
3270	118	0.25	450	0.5	450	1	450	32.5	2400	122.5	300	377	30	130
44205	118	0.25	450	0.5	450	1	450	32.5	2400	122.5	300	377	30	130
3270	-85	0.25	450	0.5	450	1	450	26	2400	106	300	356	30	130
44205	118	0.25	450	0.5	450	1	450	32.5	2400	122.5	300	377	30	130
44205	-85	0.25	450	0.5	450	1	450	26	2400	106	300	356	30	130
 8sloi													
-43350	-220	0.25	100	0.5	100	1	100	11.34	218	31	57	91	29	3000
-43350	28	0.25	100	0.5	100	1	100	6.75	218	26.25	57	126.25	29	3000
-2700	28	0.25	100	0.5	100	1	100	6.75	218	26.25	57	126.25	29	3000
-43350	-220	0.25	100	0.5	100	1	100	11.34	218	31	57	91	29	3000
-2700	28	0.25	100	0.5	100	1	100	6.75	218	26.25	57	126.25	29	3000
-2700	-220	0.25	100	0.5	100	1	100	11.34	218	31	57	91	29	3000
-2700	-220	0.25	100	0.5	100	1	100	11.34	218	31	57	91	29	3000
-2700	28	0.25	100	0.5	100	1	100	6.75	218	26.25	57	126.25	29	3000
-2050	53	0.25	100	0.5	500	1	500	3.3	500	13	500	63	500	500
-2700	-220	0.25	100	0.5	100	1	100	11.34	218	31	57	91	29	3000
-2050	53	0.25	100	0.5	500	1	500	3.3	500	13	500	63	500	500
-2050	-172	0.25	100	0.5	100	1	100	5.7	218	15.5	57	45.5	29	3000
-2050	-172	0.25	500	0.5	500	2	500	5.7	500	15.5	500	45.5	500	500
-2050	53	0.25	500	0.5	500	2	500	3.3	500	13	500	63	500	500
-1400	78	0.25	500	0.5	500	2	500	5	500	13	500	45.5	500	500
-2050	-172	0.25	500	0.5	500	2	500	5.7	500	15.5	500	45.5	500	500
-1400	78	0.25	500	0.5	500	2	500	5	500	13	500	45	500	500
-1400	-124	0.25	500	0.5	500	2	500	5	500	13	500	45	500	500
-1400	-124	0.25	500	0.5	500	2	500	5	500	13	500	45	500	500
-1400	78	0.25	500	0.5	500	2	500	5	500	13	500	45	500	500
0	0	0.25	500	0.5	500	2	500	5	500	30	500	85	500	500
-1400	-124	0.25	500	0.5	500	2	500	5	500	30	500	85	500	500
0	0	0.25	500	0.5	500	2	500	5	500	30	500	85	500	500
0	-205	0.25	500	0.5	500	2	500	4.75	500	30	500	95	500	500
0	-205	0.25	75	0.5	75	1.25	75	4.75	1000	30	180	95	40	3000
0	0	0.25	75	0.5	75	2	75	5	1000	30	180	85	40	3000
1400	-77	0.25	75	0.5	75	4	75	10	1000	60	180	170	40	3000
0	-205	0.25	75	0.5	75	1.25	75	4.75	1000	30	180	95	40	3000
1400	-77	0.25	75	0.5	75	4	75	10	1000	60	180	170	40	3000
1400	-285	0.25	75	0.5	75	2.5	75	9.5	1000	59.5	180	189.5	40	3000
1400	-285	0.25	75	0.5	75	2.5	75	9.5	1000	59.5	180	189.5	40	3000
1400	-77	0.25	75	0.5	75	4	75	10	1000	60	180	170	40	3000
2335	-81	0.25	75	0.5	75	2.5	75	18	1000	83	180	263	40	3000
1400	-285	0.25	75	0.5	75	2.5	75	9.5	1000	59.5	180	189.5	40	3000
2335	-81	0.25	75	0.5	75	2.5	75	18	1000	83	180	263	40	3000
2335	-279	0.25	75	1.7	75	5.75	75	20.5	1000	35.5	180	277	40	3000
2335	-279	0.25	450	1.7	450	5.75	450	20.5	2400	35.5	300	277	30	130
2335	-81	0.25	450	1.7	450	2.5	450	18	2400	83	300	263	30	130
3270	-85	0.25	450	0.5	450	1	450	26	2400	106	300	356	30	130
2335	-279	0.25	450	1.7	450	5.75	450	20.5	2400	35.5	300	277	30	130
3270	-85	0.25	450	0.5	450	1	450	26	2400	106	300	356	30	130
3270	-272	0.5	450	3.5	450	9	450	31.5	2400	11.5	300	365	30	130
3270	-272	0.5	450	3.5	450	9	450	31.5	2400	11.5	300	365	30	130
3270	-85	0.25	450	0.5	450	1	450	26	2400	106	300	356	30	130
44205	-85	0.25	450	0.5	450	1	450	26	2400	106	300	356	30	130
3270	-272	0.5	450	3.5	450	9	450	31.5	2400	11.5	300	365	30	130
44205	-85	0.25	450	0.5	450	1	450	26	2400	106	300	356	30	130
44205	-272	0.5	450	3.5	450	9	450	31.5	2400	11.5	300	365	30	130
 9sloi													
-43350	-467	0.25	150	0.5	150	1	150	16	800	36	30	56	30	3000
-43350	-220	0.25	150	0.5	150	1	150	11.34	800	31	30	91	30	3000
-2700	-220	0.25	150	0.5	150	1	150	11.34	800	31	30	91	30	3000
-43350	-467	0.25	150	0.5	150	1	150	16	800	36	30	56	30	3000
-2700	-220	0.25	150	0.5	150	1	150	11.34	800	31	30	91	30	3000
-2700	-467	0.25	150	0.5	150	1	150	16	800	36	30	56	30	3000
-2700	-467	0.25	150	0.5	150	1	150	16	800	36	30	56	30	3000
-2700	-220	0.25	150	0.5	150	1	150	11.34	800	31	30	91	30	3000
-2050	-172	0.25	150	0.35	150	0.5	150	5.7	800	15.5	30	45.5	30	3000
-2700	-467	0.25	150	0.5	150	1	150	16	800	36	30	56	30	3000
-2050	-172	0.25	150	0.35	150	0.5	150	5.7	800	15.5	30	45.5	30	3000
-2050	-397	0.25	150	0.35	150	0.5	150	8	800	18	30	28	30	3000
-2050	-397	0.25	500	0.35	500	0.5	500	8	500	18	500	28	500	500
-2050	-172	0.25	500	0.35	500	0.5	500	5.7	500	15.5	500	45.5	500	500
-1400	-124	0.25	500	0.35	500	0.5	500	8	500	18	500	28	500	500
-2050	-397	0.25	500	0.35	500	0.5	500	8	500	18	500	28	500	500
-1400	-124	0.25	500	0.35	500	0.5	500	8	500	18	500	28	500	500
-1400	-326	0.25	500	0.35	500	0.5	500	8	500	18	500	28	500	500
-1400	-326	0.25	500	0.35	500	0.5	500	8	500	18	500	28	500	500
-1400	-124	0.25	500	0.35	500	0.5	500	8	500	18	500	28	500	500
0	-205	0.25	500	0.35	500	1.25	500	4.75	500	30	500	95	500	500
-1400	-326	0.25	500	0.35	500	0.5	500	8	500	18	500	28	500	500
0	-205	0.25	500	0.35	500	1.25	500	4.75	500	30	500	95	500	500
0	-410	0.25	500	0.35	500	0.5	500	4.5	500	29.5	500	104.5	500	500
0	-410	0.25	50	0.35	50	0.5	50	4.5	3500	29.5	180	104.5	60	3000
0	-205	0.25	50	0.35	50	1.25	50	4.75	3500	30	180	95	60	3000
1400	-285	0.25	50	0.35	50	2.5	50	9.5	3500	59.5	180	189.5	60	3000
0	-410	0.25	50	0.35	50	0.5	50	4.5	3500	29.5	180	104.5	60	3000
1400	-285	0.25	50	0.35	50	2.5	50	9.5	3500	59.5	180	189.5	60	3000
1400	-493	0.25	50	0.35	50	1	50	9	3500	59	180	209	60	3000
1400	-493	0.25	50	0.35	50	1	50	9	3500	59	180	209	60	3000
1400	-285	0.25	50	0.35	50	2.5	50	9.5	3500	59.5	180	189.5	60	3000
2335	-279	0.25	50	1.7	50	5.75	50	20.5	3500	35.5	180	277	60	3000
1400	-493	0.25	50	0.35	50	1	50	9	3500	59	180	209	60	3000
2335	-279	0.25	50	1.7	50	5.75	50	20.5	3500	35.5	180	277	60	3000
2335	-476	0.5	50	3.5	50	9	50	22	3500	87	180	287	60	3000
2335	-476	0.5	600	3.5	3000	9	700	22	2700	87	300	287	30	200
2335	-279	0.25	600	1.7	3000	5.75	700	20.5	2700	35.5	300	277	30	200
3270	-272	0.5	600	3.5	3000	9	700	31.5	2700	11.5	300	365	30	200
2335	-476	0.5	600	3.5	3000	9	700	22	2700	87	300	287	30	200
3270	-272	0.5	600	3.5	3000	9	700	31.5	2700	11.5	300	365	30	200
3270	-459	1	600	7	3000	17	700	35	2700	115	300	365	30	200
3270	-459	1	600	7	3000	17	700	35	2700	115	300	365	30	200
3270	-272	0.5	600	3.5	3000	9	700	31.5	2700	11.5	300	365	30	200
44205	-272	0.5	600	3.5	3000	9	700	31.5	2700	11.5	300	365	30	200
3270	-459	1	600	7	3000	17	700	35	2700	115	300	365	30	200
44205	-272	0.5	600	3.5	3000	9	700	31.5	2700	11.5	300	365	30	200
44205	-459	1	600	7	3000	17	700	35	2700	115	300	365	30	200
10 sloi													
-43350	-605	0.25	150	0.35	150	0.5	150	11	800	46	30	81	30	3000
-43350	-467	0.25	150	0.5	150	1	150	16	800	36	30	56	30	3000
-2700	-467	0.25	150	0.5	150	1	150	16	800	36	30	56	30	3000
-43350	-605	0.25	150	0.35	150	0.5	150	11	800	46	30	81	30	3000
-2700	-467	0.25	150	0.5	150	1	150	16	800	36	30	56	30	3000
-2700	-605	0.25	150	0.35	150	0.5	150	11	800	46	30	81	30	3000
-2700	-605	0.25	150	0.35	150	0.5	150	11	800	46	30	81	30	3000
-2700	-467	0.25	150	0.5	150	1	150	16	800	36	30	56	30	3000
-2050	-397	0.25	150	0.35	150	0.5	500	8	500	18	500	28	500	500
-2700	-605	0.25	150	0.35	150	0.5	150	11	800	46	30	81	30	3000
-2050	-397	0.25	150	0.35	150	0.5	500	8	500	18	500	28	500	500
-2050	-565	0.1	150	0.2	150	0.25	150	5.5	800	23	30	40.5	30	3000
-2050	-565	0.1	500	0.2	500	0.25	500	5.5	500	23	500	40.5	500	500
-2050	-397	0.1	500	0.2	500	0.5	500	8	500	18	500	28	500	500
-1400	-326	0.1	500	0.2	500	0.5	500	9	500	18	500	28	500	500
-2050	-565	0.1	500	0.2	500	0.25	500	5.5	500	23	500	40.5	500	500
-1400	-326	0.1	500	0.2	500	0.5	500	9	500	18	500	28	500	500
-1400	-524	0.1	500	0.2	500	0.5	500	9	500	18	500	28	500	500
-1400	-524	0.1	500	0.2	500	0.5	500	9	500	18	500	28	500	500
-1400	-326	0.1	500	0.2	500	0.5	500	9	500	18	500	28	500	500
0	-410	0.1	500	0.2	500	0.5	500	4.5	500	29.5	500	104.5	500	500
-1400	-524	0.1	500	0.2	500	0.5	500	9	500	18	500	28	500	500
0	-410	0.1	500	0.2	500	0.5	500	4.5	500	29.5	500	104.5	500	500
0	-604	0.1	500	0.2	500	1.25	500	7	500	32	500	112	500	500
0	-604	0.1	50	0.2	50	1.25	50	7	3500	32	180	112	60	3000
0	-410	0.1	50	0.2	50	0.5	50	4.5	3500	29.5	180	104.5	60	3000
1400	-493	0.1	50	0.2	50	1	50	9	3500	59	180	209	60	3000
0	-604	0.1	50	0.2	50	1.25	50	7	3500	32	180	112	60	3000
1400	-493	0.1	50	0.2	50	1	50	9	3500	59	180	209	60	3000
1400	-684	0.1	50	0.2	50	2.5	50	14	3500	64	180	224	60	3000
1400	-684	0.1	50	0.2	50	2.5	50	14	3500	64	180	224	60	3000
1400	-493	0.1	50	0.2	50	1	50	9	3500	59	180	209	60	3000
2335	-476	0.5	50	3.5	50	9	50	22	3500	87	180	287	60	3000
1400	-684	0.1	50	0.2	50	2.5	50	14	3500	64	180	224	60	3000
2335	-476	0.5	50	3.5	50	9	50	22	3500	87	180	287	60	3000
2335	-674	0.25	50	4	50	10.25	50	24	3500	89	180	294	60	3000
2335	-674	0.25	600	4	3000	10.25	700	24	2700	89	300	294	30	200
2335	-476	0.5	600	3.5	3000	9	700	22	2700	87	300	287	30	200
3270	-459	1	600	7	3000	17	700	35	2700	115	300	365	30	200
2335	-674	0.25	600	4	3000	10.25	700	24	2700	89	300	294	30	200
3270	-459	1	600	7	3000	17	700	35	2700	115	300	365	30	200
3270	-663	0.5	600	8	3000	18	700	34	2700	114	300	364	30	200
3270	-663	0.5	600	8	3000	18	700	34	2700	114	300	364	30	200
3270	-459	1	600	7	3000	17	700	35	2700	115	300	365	30	200
44205	-459	1	600	7	3000	17	700	35	2700	115	300	365	30	200
3270	-663	0.5	600	8	3000	18	700	34	2700	114	300	364	30	200
44205	-459	1	600	7	3000	17	700	35	2700	115	300	365	30	200
44205	-663	0.5	600	8	3000	18	700	34	2700	114	300	364	30	200
11 sloi													
-43350	-742	0.25	500	0.35	500	0.5	500	6	500	56	90	106	90	1000
-43350	-605	0.25	500	0.35	500	0.5	500	11	500	46	90	81	90	1000
-2700	-605	0.25	500	0.35	500	0.5	500	11	500	46	90	81	90	1000
-43350	-742	0.25	500	0.35	500	0.5	500	6	500	56	90	106	90	1000
-2700	-605	0.25	500	0.35	500	0.5	500	11	500	46	90	81	90	1000
-2700	-742	0.25	500	0.35	500	0.5	500	6	500	56	90	106	90	1000
-2700	-742	0.25	500	0.35	500	0.5	500	6	500	56	90	106	90	1000
-2700	-605	0.25	500	0.35	500	0.5	500	11	500	46	90	81	90	1000
-2050	-565	0.25	500	0.35	500	0.5	500	5.5	500	23	90	40.5	90	1000
-2700	-742	0.25	500	0.35	500	0.5	500	6	500	56	90	106	90	1000
-2050	-565	0.25	500	0.35	500	0.5	500	5.5	500	23	90	40.5	90	1000
-2050	-732	0.25	500	0.35	500	0.5	500	3	500	28	90	53	90	1000
-2050	-732	0.25	400	0.35	400	0.5	400	3	400	28	400	53	400	400
-2050	-565	0.25	400	0.35	400	0.5	400	5.5	400	23	400	40.5	400	400
-1400	-524	0.25	400	0.35	400	0.5	400	5.5	400	23	400	40.5	400	400
-2050	-732	0.25	400	0.35	400	0.5	400	3	400	28	400	53	400	400
-1400	-524	0.25	400	0.35	400	0.5	400	5.5	400	23	400	40.5	400	400
-1400	-721	0.25	400	0.35	400	0.5	400	5.5	400	23	400	40.5	400	400
-1400	-721	0.25	400	0.35	400	0.5	400	5.5	400	23	400	40.5	400	400
-1400	-524	0.25	400	0.35	400	0.5	400	5.5	400	23	400	40.5	400	400
0	-604	0.25	400	0.35	400	1.25	400	7	400	32	400	112	400	400
-1400	-721	0.25	400	0.35	400	0.5	400	5.5	400	23	400	40.5	400	400
0	-604	0.25	400	0.35	400	1.25	400	7	400	32	400	112	400	400
0	-798	0.25	400	0.35	400	2	400	9.5	400	34.5	400	119.5	400	400
0	-798	0.25	600	0.5	600	2	600	9.5	4000	34.5	180	119.5	75	3000
0	-604	0.25	600	0.5	600	1.25	600	7	4000	32	180	112	75	3000
1400	-684	0.25	600	0.5	600	2.5	600	14	4000	64	180	224	75	3000
0	-798	0.25	600	0.5	600	2	600	9.5	4000	34.5	180	119.5	75	3000
1400	-684	0.25	600	0.5	600	2.5	600	14	4000	64	180	224	75	3000
1400	-875	0.25	600	0.5	600	4	600	19	4000	69	180	239	75	3000
1400	-875	0.25	600	0.5	600	4	600	19	4000	69	180	239	75	3000
1400	-684	0.25	600	0.5	600	2.5	600	14	4000	64	180	224	75	3000
2335	-674	0.25	600	4	600	10.25	600	24	4000	89	180	294	75	3000
1400	-875	0.25	600	0.5	600	4	600	19	4000	69	180	239	75	3000
2335	-674	0.25	600	4	600	10.25	600	24	4000	89	180	294	75	3000
2335	-871	0.25	600	4.5	600	11.5	600	26	4000	91	180	301	75	3000
2335	-871	0.25	2400	4.5	2400	11.5	400	26	1600	91	300	301	35	250
2335	-674	0.25	2400	4	2400	10.25	400	24	1600	89	300	294	35	250
3270	-663	0.5	2400	8	2400	18	400	34	1600	114	300	364	35	250
2335	-871	0.25	2400	4.5	2400	11.5	400	26	1600	91	300	301	35	250
3270	-663	0.5	2400	8	2400	18	400	34	1600	114	300	364	35	250
3270	-867	0.5	2400	9	2400	19	400	33	1600	113	300	363	35	250
3270	-867	0.5	2400	9	2400	19	400	33	1600	113	300	363	35	250
3270	-663	0.5	2400	8	2400	18	400	34	1600	114	300	364	35	250
44205	-663	0.5	2400	8	2400	18	400	34	1600	114	300	364	35	250
3270	-867	0.5	2400	9	2400	19	400	33	1600	113	300	363	35	250
44205	-663	0.5	2400	8	2400	18	400	34	1600	114	300	364	35	250
44205	-867	0.25	2400	9	2400	19	400	33	1600	113	300	363	35	250
 12 sloi													
-43350	-1012	0.25	500	0.35	500	0.5	500	4.5	500	42	90	73	90	1000
-43350	-742	0.25	500	0.35	500	0.5	500	6	500	56	90	106	90	1000
-2700	-742	0.25	500	0.35	500	0.5	500	6	500	56	90	106	90	1000
-43350	-1012	0.25	500	0.35	500	0.5	500	4.5	500	42	90	73	90	1000
-2700	-742	0.25	500	0.35	500	0.5	500	6	500	56	90	106	90	1000
-2700	-1012	0.25	500	0.35	500	0.5	500	4.5	500	42	90	73	90	1000
-2700	-1012	0.25	500	0.35	500	0.5	500	4.5	500	42	90	73	90	1000
-2700	-742	0.25	500	0.35	500	0.5	500	6	500	56	90	106	90	1000
-2050	-732	0.25	500	0.35	500	0.5	500	3	500	28	90	53	90	1000
-2700	-1012	0.25	500	0.35	500	0.5	500	4.5	500	42	90	73	90	1000
-2050	-732	0.25	500	0.35	500	0.5	500	3	500	28	90	53	90	1000
-2050	-1007	0.25	500	0.35	500	0.5	500	3.8	500	35	90	50	90	1000
-2050	-1007	0.25	400	0.35	400	0.5	400	3.8	400	35	400	50	400	400
-2050	-732	0.25	400	0.35	400	0.5	400	3	400	28	400	53	400	400
-1400	-721	0.25	400	0.35	400	0.5	400	3	400	28	400	28	400	400
-2050	-1007	0.25	400	0.35	400	0.5	400	3.8	400	35	400	50	400	400
-1400	-721	0.25	400	0.35	400	0.5	400	3	400	28	400	28	400	400
-1400	-1002	0.25	400	0.35	400	0.5	400	3	400	28	400	28	400	400
-1400	-1002	0.25	400	0.35	400	0.5	400	3	400	28	400	28	400	400
-1400	-721	0.25	400	0.35	400	0.5	400	3	400	28	400	28	400	400
0	-798	0.25	400	0.35	400	2	400	9.5	400	34.5	400	119.5	400	400
-1400	-1002	0.25	400	0.35	400	0.5	400	3	400	28	400	28	400	400
0	-798	0.25	400	0.35	400	2	400	9.5	400	34.5	400	119.5	400	400
0	-1044	0.25	400	0.35	400	1.5	400	8	400	40	400	135	400	400
0	-1044	0.25	600	0.35	600	1.5	600	8	4000	40	180	135	75	3000
0	-798	0.25	600	0.35	600	2	600	9.5	4000	34.5	180	119.5	75	3000
1400	-875	0.25	600	0.35	600	4	600	19	4000	69	180	239	75	3000
0	-1044	0.25	600	0.35	600	1.5	600	8	4000	40	180	135	75	3000
1400	-875	0.25	600	0.35	600	4	600	19	4000	69	180	239	75	3000
1400	-1079	0.25	600	0.35	600	3	600	15.5	4000	80.5	180	270.5	75	3000
1400	-1079	0.25	600	0.35	600	3	600	15.5	4000	80.5	180	270.5	75	3000
1400	-875	0.25	600	0.35	600	4	600	19	4000	69	180	239	75	3000
2335	-871	0.25	600	4.5	600	11.5	600	26	4000	91	180	301	75	3000
1400	-1079	0.25	600	0.35	600	3	600	15.5	4000	80.5	180	270.5	75	3000
2335	-871	0.25	600	4.5	600	11.5	600	26	4000	91	180	301	75	3000
2335	-1077	0.25	600	4.5	600	9.25	600	21	4000	103.5	180	336	75	3000
2335	-1077	0.25	2400	4.5	2400	9.25	400	21	1600	103.5	300	336	35	250
2335	-871	0.25	2400	4.5	2400	11.5	400	26	1600	91	300	301	35	250
3270	-867	0.25	2400	9	2400	19	400	33	1600	113	300	363	35	250
2335	-1077	0.25	2400	4.5	2400	9.25	400	21	1600	103.5	300	336	35	250
3270	-867	0.25	2400	9	2400	19	400	33	1600	113	300	363	35	250
3270	-1075	0.5	2400	9	2400	15.5	400	26.5	1600	126.5	300	401.5	35	250
3270	-1075	0.5	2400	9	2400	15.5	400	26.5	1600	126.5	300	401.5	35	250
3270	-867	0.25	2400	9	2400	19	400	33	1600	113	300	363	35	250
44205	-867	0.25	2400	9	2400	19	400	33	1600	113	300	363	35	250
3270	-1075	0.5	2400	9	2400	15.5	400	26.5	1600	126.5	300	401.5	35	250
44205	-867	0.25	2400	9	2400	19	400	33	1600	113	300	363	35	250
44205	-1075	0.5	2400	9	2400	15.5	400	26.5	1600	126.5	300	401.5	35	250
13 sloi													
-43350	-1282	0.25	6500	0.35	6500	0.5	6500	3	6500	28	6500	40	6500	1800
-43350	-1012	0.25	6500	0.35	6500	0.5	6500	4.5	6500	42	6500	73	6500	1800
-2700	-1012	0.25	6500	0.35	6500	0.5	6500	4.5	6500	42	6500	73	6500	1800
-43350	-1282	0.25	6500	0.35	6500	0.5	6500	3	6500	28	6500	40	6500	1800
-2700	-1012	0.25	6500	0.35	6500	0.5	6500	4.5	6500	42	6500	73	6500	1800
-2700	-1282	0.25	6500	0.35	6500	0.5	6500	3	6500	28	6500	40	6500	1800
-2700	-1282	0.25	6500	0.35	6500	0.5	6500	3	6500	28	6500	40	6500	1800
-2700	-1012	0.25	6500	0.35	6500	0.5	6500	4.5	6500	42	6500	73	6500	1800
-2050	-1007	0.25	6500	0.35	6500	0.5	6500	3.8	6500	35	6500	50	6500	1800
-2700	-1282	0.25	6500	0.35	6500	0.5	6500	3	6500	28	6500	40	6500	1800
-2050	-1007	0.25	6500	0.35	6500	0.5	6500	3.8	6500	35	6500	50	6500	1800
-2050	-1282	0.25	6500	0.35	6500	0.5	6500	5.5	6500	32.5	6500	87.5	6500	1800
-2050	-1282	0.25	500	0.35	500	0.5	500	5.5	500	32.5	500	87.5	500	500
-2050	-1007	0.25	500	0.35	500	0.5	500	3.8	500	35	500	50	500	500
-1400	-1002	0.25	500	0.35	500	0.5	500	1.5	500	14	500	26.5	500	500
-2050	-1282	0.25	500	0.35	500	0.5	500	5.5	500	32.5	500	87.5	500	500
-1400	-1002	0.25	500	0.35	500	0.5	500	1.5	500	14	500	26.5	500	500
-1400	-1282	0.25	500	0.35	500	0.5	500	8	500	40	500	135	500	500
-1400	-1282	0.25	500	0.35	500	0.5	500	8	500	40	500	135	500	500
-1400	-1002	0.25	500	0.35	500	0.5	500	80	500	40	500	135	500	500
0	-1044	0.25	500	0.35	500	1.5	500	8	500	40	500	135	500	500
-1400	-1282	0.25	500	0.35	500	0.5	500	8	500	40	500	135	500	500
0	-1044	0.25	500	0.35	500	1.5	500	8	500	40	500	135	500	500
0	-1282	0.25	500	0.35	500	1	500	6	500	46	500	151	500	500
0	-1282	0.25	1300	0.35	1300	1	1300	6	2500	46	600	151	80	1500
0	-1044	0.25	1300	0.35	1300	1.5	1300	8	2500	40	600	135	80	1500
1400	-1079	0.25	1300	0.35	1300	3	1300	15.5	2500	80.5	600	270.5	80	1500
0	-1282	0.25	1300	0.35	1300	1	1300	6	2500	46	600	151	80	1500
1400	-1079	0.25	1300	0.35	1300	3	1300	15.5	2500	80.5	600	270.5	80	1500
1400	-1282	0.25	1300	0.35	1300	2	1300	12	2500	92	600	302	80	1500
1400	-1282	0.25	1300	0.35	1300	2	1300	12	2500	92	600	302	80	1500
1400	-1079	0.25	1300	0.35	1300	3	1300	15.5	2500	80.5	600	270.5	80	1500
2335	-1077	0.25	1300	4.5	1300	9.25	1300	21	2500	103.5	600	336	80	1500
1400	-1282	0.25	1300	0.35	1300	2	1300	12	2500	92	600	302	80	1500
2335	-1077	0.25	1300	4.5	1300	9.25	1300	21	2500	103.5	600	336	80	1500
2335	-1282	0.5	1300	4.5	1300	10.6	1300	16	2500	116	600	371	80	1500
2335	-1282	0.5	300	4.5	3300	10.6	300	16	1800	116	450	371	30	200
2335	-1077	0.25	300	4.5	3300	9.25	300	21	1800	103.5	450	336	30	200
3270	-1075	0.5	300	9	3300	15.5	300	26.5	1800	126.5	450	401.5	30	200
2335	-1282	0.5	300	4.5	3300	10.6	300	16	1800	116	450	371	30	200
3270	-1075	0.5	300	9	3300	15.5	300	26.5	1800	126.5	450	401.5	30	200
3270	-1282	1	300	9	3300	12	300	20	1800	140	450	440	30	200
3270	-1282	1	300	9	3300	12	300	20	1800	140	450	440	30	200
3270	-1075	0.5	300	9	3300	15.5	300	26.5	1800	126.5	450	401.5	30	200
44205	-1075	0.5	300	9	3300	15.5	300	26.5	1800	126.5	450	401.5	30	200
3270	-1282	1	300	9	3300	12	300	20	1800	140	450	440	30	200
44205	-1075	0.5	300	9	3300	15.5	300	26.5	1800	126.5	450	401.5	30	200
44205	-1282	1	300	9	3300	12	300	20	1800	140	450	440	30	200
 14 sloi													
-43350	-41552	0.25	6500	0.35	6500	0.5	6500	3	6500	28	6500	40	6500	1800
-43350	-1282	0.25	6500	0.35	6500	0.5	6500	3	6500	28	6500	40	6500	1800
-2700	-1282	0.25	6500	0.35	6500	0.5	6500	3	6500	28	6500	40	6500	1800
-43350	-41552	0.25	6500	0.35	6500	0.5	6500	3	6500	28	6500	40	6500	1800
-2700	-1282	0.25	6500	0.35	6500	0.5	6500	3	6500	28	6500	40	6500	1800
-2700	-41552	0.25	6500	0.35	6500	0.5	6500	3	6500	28	6500	40	6500	1800
-2700	-41552	0.25	6500	0.35	6500	0.5	6500	3	6500	28	6500	40	6500	1800
-2700	-1282	0.25	6500	0.35	6500	0.5	6500	3	6500	28	6500	40	6500	1800
-2050	-1282	0.25	6500	0.35	6500	0.5	6500	5.5	6500	32.5	6500	87.5	6500	1800
-2700	-41552	0.25	6500	0.35	6500	0.5	6500	3	6500	28	6500	40	6500	1800
-2050	-1282	0.25	6500	0.35	6500	0.5	6500	5.5	6500	32.5	6500	87.5	6500	1800
-2050	-41552	0.25	6500	0.35	6500	0.5	6500	5.5	6500	32.5	6500	87.5	6500	1800
-2050	-41552	0.25	500	0.35	500	0.5	500	5.5	500	32.5	500	87.5	500	500
-2050	-1282	0.25	500	0.35	500	0.5	500	5.5	500	32.5	500	87.5	500	500
-1400	-1282	0.25	500	0.35	500	0.5	500	3	500	28	500	53	500	500
-2050	-41552	0.25	500	0.35	500	0.5	500	5.5	500	32.5	500	87.5	500	500
-1400	-1282	0.25	500	0.35	500	0.5	500	3	500	28	500	53	500	500
-1400	-41552	0.25	500	0.35	500	0.5	500	3	500	28	500	53	500	500
-1400	-41552	0.25	500	0.35	500	0.5	500	3	500	28	500	53	500	500
-1400	-1282	0.25	500	0.35	500	0.5	500	3	500	28	500	53	500	500
0	-1282	0.25	500	0.35	500	1	500	6	500	46	500	151	500	500
-1400	-41552	0.25	500	0.35	500	0.5	500	3	500	28	500	53	500	500
0	-1282	0.25	500	0.35	500	1	500	6	500	46	500	151	500	500
0	-41552	0.25	500	0.35	500	1	500	6	500	46	500	151	500	500
0	-41552	0.25	1300	0.35	1300	1	1300	6	2500	46	600	151	80	1500
0	-1282	0.25	1300	0.35	1300	1	1300	6	2500	46	600	151	80	1500
1400	-1282	0.25	1300	0.35	1300	2	1300	12	2500	92	600	302	80	1500
0	-41552	0.25	1300	0.35	1300	1	1300	6	2500	46	600	151	80	1500
1400	-1282	0.25	1300	0.35	1300	2	1300	12	2500	92	600	302	80	1500
1400	-41552	0.25	1300	0.35	1300	2	1300	12	2500	92	600	302	80	1500
1400	-41552	0.25	1300	0.35	1300	2	1300	12	2500	92	600	302	80	1500
1400	-1282	0.25	1300	0.35	1300	2	1300	12	2500	92	600	302	80	1500
2335	-1282	0.5	1300	4.5	1300	10.6	1300	16	2500	116	600	371	80	1500
1400	-41552	0.25	1300	0.35	1300	2	1300	12	2500	92	600	302	80	1500
2335	-1282	0.5	1300	4.5	1300	10.6	1300	16	2500	116	600	371	80	1500
2335	-41552	0.5	1300	4.5	1300	10.6	1300	16	2500	116	600	371	80	1500
2335	-41552	0.5	300	4.5	3300	10.6	300	16	1800	116	450	371	30	200
2335	-1282	0.5	300	4.5	3300	10.6	300	16	1800	116	450	371	30	200
3270	-1282	1	300	9	3300	12	300	20	1800	140	450	440	30	200
2335	-41552	0.5	300	4.5	3300	10.6	300	16	1800	116	450	371	30	200
3270	-1282	1	300	9	3300	12	300	20	1800	140	450	440	30	200
3270	-41552	1	300	9	3300	12	300	20	1800	140	450	440	30	200
3270	-41552	1	300	9	3300	12	300	20	1800	140	450	440	30	200
3270	-1282	1	300	9	3300	12	300	20	1800	140	450	440	30	200
44205	-1282	1	300	9	3300	12	300	20	1800	140	450	440	30	200
3270	-41552	1	300	9	3300	12	300	20	1800	140	450	440	30	200
44205	-1282	1	300	9	3300	12	300	20	1800	140	450	440	30	200
44205	-41552	1	300	9	3300	12	300	20	1800	140	450	440	30	200
                
                